-4.740000000000001101e+00
-7.028000000000001357e+00
-5.524000000000000021e+00
-8.820000000000002061e+00
-1.046800000000000352e+01
-8.420000000000001705e+00
-6.204000000000000625e+00
-8.860000000000001208e+00
-1.048400000000000176e+01
-4.724000000000001087e+00
-9.660000000000000142e+00
-4.140000000000001457e+00
-8.235999999999998877e+00
-9.532000000000000028e+00
-8.371999999999999886e+00
-7.068000000000000504e+00
-1.167600000000000016e+01
-1.330800000000000161e+01
-1.077999999999999758e+01
6.559999999999999165e-01
-1.226799999999999891e+01
-1.217200000000000060e+01
-1.174800000000000111e+01
-5.100000000000000533e+00
-1.001999999999999957e+01
1.919999999999997264e-01
6.559999999999999165e-01
-1.131600000000000250e+01
-1.136399999999999899e+01
6.559999999999999165e-01
-1.214799999999999969e+01
-1.102800000000000047e+01
-1.022000000000000064e+01
6.559999999999999165e-01
-1.126800000000000068e+01
-9.355999999999999872e+00
-1.157999999999999829e+01
6.559999999999999165e-01
1.919999999999997264e-01
-1.078799999999999848e+01
-1.158000000000000007e+01
-2.880000000000000782e+00
-1.157999999999999829e+01
6.559999999999999165e-01
6.559999999999999165e-01
6.559999999999999165e-01
-1.157999999999999829e+01
6.559999999999999165e-01
6.559999999999999165e-01
-9.092000000000002302e+00
-7.235999999999999766e+00
-1.157999999999999829e+01
-1.157999999999999829e+01
6.559999999999999165e-01
6.559999999999999165e-01
6.559999999999999165e-01
6.559999999999999165e-01
1.919999999999997264e-01
6.559999999999999165e-01
6.559999999999999165e-01
1.919999999999997264e-01
6.559999999999999165e-01
6.559999999999999165e-01
6.559999999999999165e-01
6.559999999999999165e-01
-8.795999999999997598e+00
6.559999999999999165e-01
-8.580000000000000071e+00
6.559999999999999165e-01
6.559999999999999165e-01
6.559999999999999165e-01
4.079999999999999183e-01
6.559999999999999165e-01
6.559999999999999165e-01
-4.988000000000001322e+00
-5.099999999999999645e+00
6.559999999999999165e-01
-1.157999999999999829e+01
-9.852000000000000313e+00
-8.580000000000001847e+00
-8.812000000000002942e+00
-2.976000000000000867e+00
6.559999999999999165e-01
-9.852000000000000313e+00
-1.045999999999999908e+01
-8.516000000000001791e+00
-8.516000000000001791e+00
5.400000000000000355e-01
-1.098799999999999955e+01
5.400000000000000355e-01
-5.059999999999998721e+00
6.559999999999999165e-01
-9.236000000000000654e+00
-9.236000000000000654e+00
-1.230000000000000071e+01
-5.363999999999999879e+00
-9.411999999999999034e+00
-7.540000000000000036e+00
-1.186799999999999855e+01
-9.140000000000000568e+00
