-4.956000000000000405e+00
-1.046799999999999997e+01
-5.308000000000000718e+00
-1.157999999999999829e+01
-9.387999999999999901e+00
-5.228000000000000647e+00
9.799999999999999822e-01
-1.046799999999999997e+01
9.799999999999999822e-01
9.799999999999999822e-01
9.799999999999999822e-01
-8.475999999999999091e+00
-4.044000000000000483e+00
9.799999999999999822e-01
-2.852000000000000757e+00
-5.228000000000000647e+00
-3.668000000000001037e+00
-3.956000000000001293e+00
-4.100000000000000533e+00
-3.844000000000000750e+00
-1.931999999999999718e+00
-7.108000000000000540e+00
-7.068000000000000504e+00
-2.276000000000000689e+00
-5.307999999999999829e+00
-2.308000000000000274e+00
-1.932000000000000162e+00
-8.012000000000000455e+00
-2.220000000000000639e+00
-1.932000000000000162e+00
-5.387999999999999901e+00
-1.049199999999999910e+01
-3.588000000000000966e+00
-2.700000000000000622e+00
-5.020000000000001350e+00
-2.860000000000000320e+00
-3.520000000000006457e-01
-5.760000000000000675e-01
9.799999999999999822e-01
-3.732000000000001094e+00
-5.020000000000001350e+00
-6.347999999999998977e+00
-1.101999999999999957e+01
-4.491999999999999993e+00
-2.660000000000001030e+00
-5.604000000000000092e+00
-4.524000000000000909e+00
-5.812000000000000277e+00
-4.388000000000000789e+00
-3.420000000000001261e+00
-1.157999999999999829e+01
-8.880000000000003446e-01
-9.387999999999999901e+00
-9.387999999999999901e+00
-1.336000000000000298e+00
-6.683999999999999275e+00
-1.336000000000000298e+00
9.799999999999999822e-01
-8.720000000000001084e-01
-5.796000000000001151e+00
1.400000000000000133e-01
-3.788000000000001144e+00
-3.380000000000000338e+00
9.799999999999999822e-01
-2.796000000000001151e+00
-6.276000000000000689e+00
-8.900000000000000355e+00
-5.804000000000000270e+00
-2.420000000000000373e+00
-9.804000000000000270e+00
-2.044000000000000927e+00
-8.467999999999998195e+00
-4.212000000000000632e+00
-7.203999999999999737e+00
-1.233200000000000252e+01
-1.118799999999999883e+01
9.799999999999999822e-01
-2.236000000000001098e+00
7.919999999999999263e-01
7.919999999999999263e-01
7.919999999999999263e-01
-1.077999999999999936e+01
-3.700000000000001510e+00
-4.948000000000001286e+00
-8.467999999999999972e+00
-4.428000000000000824e+00
-4.508000000000000007e+00
-2.060000000000000497e+00
-6.084000000000001407e+00
-3.999999999999992450e-02
-1.089999999999999858e+01
9.799999999999999822e-01
-4.243999999999999773e+00
-4.243999999999999773e+00
-2.532000000000000028e+00
-7.011999999999999567e+00
-2.204000000000000625e+00
-7.068000000000001393e+00
-8.400000000000000799e-01
-7.148000000000001464e+00
