-1.390000000000000213e+01
-1.390000000000000213e+01
-1.390000000000000213e+01
-1.330800000000000161e+01
-1.390000000000000213e+01
-1.330800000000000161e+01
-1.390000000000000213e+01
-1.390000000000000213e+01
-1.390000000000000213e+01
-1.390000000000000213e+01
-1.390000000000000213e+01
-1.390000000000000213e+01
-1.390000000000000213e+01
-1.390000000000000213e+01
-1.390000000000000213e+01
-1.390000000000000213e+01
-1.390000000000000213e+01
5.519999999999999352e-01
-7.468000000000000860e+00
-8.416000000000002146e+00
-3.839999999999999858e+00
-1.390000000000000213e+01
-4.524000000000000021e+00
-1.052800000000000225e+01
-2.780000000000000249e+00
-7.928000000000001712e+00
-8.560000000000002274e+00
9.799999999999999822e-01
-1.390000000000000213e+01
-1.390000000000000213e+01
-1.390000000000000213e+01
-1.390000000000000213e+01
9.799999999999999822e-01
-1.390000000000000213e+01
-1.390000000000000213e+01
-1.390000000000000213e+01
-1.390000000000000213e+01
-1.390000000000000213e+01
-1.390000000000000213e+01
-1.390000000000000213e+01
-1.390000000000000213e+01
-1.390000000000000213e+01
-1.390000000000000213e+01
-1.390000000000000213e+01
-1.390000000000000213e+01
-1.390000000000000213e+01
-1.390000000000000213e+01
-1.390000000000000213e+01
-1.390000000000000213e+01
-1.390000000000000213e+01
9.799999999999999822e-01
-1.390000000000000213e+01
-1.390000000000000213e+01
-1.390000000000000213e+01
-1.390000000000000213e+01
-1.390000000000000213e+01
-1.390000000000000213e+01
-1.390000000000000213e+01
-1.390000000000000213e+01
-1.390000000000000213e+01
-1.390000000000000213e+01
-1.390000000000000213e+01
-1.390000000000000213e+01
-1.390000000000000213e+01
-1.390000000000000213e+01
-1.390000000000000213e+01
-1.390000000000000213e+01
-1.390000000000000213e+01
-1.390000000000000213e+01
-1.390000000000000213e+01
-1.390000000000000213e+01
-1.390000000000000213e+01
-1.390000000000000213e+01
-1.390000000000000213e+01
-1.390000000000000213e+01
-1.390000000000000213e+01
-1.390000000000000213e+01
-1.390000000000000213e+01
-3.400000000000003020e-01
-3.400000000000003020e-01
-3.400000000000003020e-01
-1.390000000000000213e+01
9.799999999999999822e-01
-3.400000000000003020e-01
9.799999999999999822e-01
1.119999999999998774e-01
1.119999999999998774e-01
9.799999999999999822e-01
9.799999999999999822e-01
9.799999999999999822e-01
-1.390000000000000213e+01
-1.768000000000000238e+00
1.119999999999998774e-01
1.119999999999998774e-01
9.799999999999999822e-01
-2.780000000000000249e+00
-2.268000000000000238e+00
-3.400000000000003020e-01
-7.308000000000002494e+00
-8.040000000000002700e-01
