-1.390000000000000213e+01
-1.175600000000000023e+01
-1.390000000000000213e+01
-1.390000000000000213e+01
-1.390000000000000213e+01
-5.956000000000001293e+00
-1.390000000000000213e+01
-1.390000000000000213e+01
-1.390000000000000213e+01
-1.390000000000000213e+01
-1.390000000000000213e+01
-3.244000000000000661e+00
-2.796000000000000263e+00
-1.390000000000000213e+01
-3.372000000000000774e+00
-1.193199999999999861e+01
-9.492000000000000881e+00
-3.436000000000000831e+00
-9.492000000000000881e+00
-2.948000000000000842e+00
-8.684000000000001052e+00
-1.290800000000000125e+01
-7.484000000000000874e+00
-2.876000000000001222e+00
-7.484000000000000874e+00
-5.852000000000000313e+00
-5.908000000000000362e+00
-1.290800000000000125e+01
-7.843999999999999417e+00
-2.548000000000001375e+00
-8.140000000000000568e+00
8.399999999999999689e-01
-7.843999999999999417e+00
-5.200000000000004619e-02
8.399999999999999689e-01
-6.659999999999999254e+00
-9.195999999999999730e+00
-7.364000000000000767e+00
-1.390000000000000213e+01
-1.916000000000000592e+00
8.399999999999999689e-01
-3.828000000000000735e+00
-1.390000000000000213e+01
-2.948000000000000842e+00
-9.452000000000001734e+00
-2.360000000000000986e-01
-2.060000000000000941e+00
-3.068000000000001393e+00
-4.164000000000000590e+00
8.399999999999999689e-01
-2.612000000000000988e+00
-5.924000000000001265e+00
-3.828000000000000735e+00
-8.363999999999998991e+00
-6.620000000000000995e+00
-2.884000000000000785e+00
-6.620000000000000995e+00
-2.556000000000001382e+00
-1.812000000000000721e+00
-9.683999999999999275e+00
-2.748000000000001108e+00
-6.828000000000002068e+00
8.399999999999999689e-01
8.399999999999999689e-01
-9.403999999999999915e+00
-3.348000000000000753e+00
8.399999999999999689e-01
-2.212000000000001076e+00
-7.387999999999999901e+00
-3.404000000000000803e+00
-6.892000000000000348e+00
-3.348000000000000753e+00
-1.101999999999999957e+01
-2.148000000000001020e+00
-2.956000000000000849e+00
-1.290800000000000125e+01
-3.228000000000000203e+00
-7.564000000000001833e+00
-3.356000000000000760e+00
-2.948000000000000842e+00
-4.707999999999999297e+00
8.399999999999999689e-01
-5.204000000000000625e+00
-3.356000000000000760e+00
-1.290800000000000125e+01
-4.971999999999999531e+00
-4.971999999999999531e+00
-2.868000000000001215e+00
-6.652000000000001023e+00
-2.940000000000001279e+00
8.399999999999999689e-01
-2.564000000000000945e+00
-3.780000000000000693e+00
-2.236000000000001098e+00
7.479999999999999982e-01
-3.468000000000000860e+00
8.399999999999999689e-01
8.399999999999999689e-01
-6.876000000000000334e+00
8.399999999999999689e-01
