8.322773723565305204e+00
3.811100458393528179e+00
5.377804637328795323e+00
6.366189840840206671e+00
5.935344776790265620e+00
2.545919280153422504e-01
3.491619899646383640e+00
4.417884001744775802e+00
2.886407373470089688e+00
5.676532756126458246e+00
6.485465340573241200e+00
7.414151887875014779e+00
7.141878937965488561e+00
5.250422603176087222e+00
4.781609892817241025e+00
3.756955946176084638e+00
9.426121319594878756e+00
5.180524124852707857e+00
3.643209413376303218e-01
5.651737319660173675e+00
3.057897462199774541e-01
4.861519414281456619e+00
4.690342524529172996e-01
3.726053833895019984e+00
1.058521039219257442e+00
6.302415958964808773e+00
1.866427586931317162e+00
8.632010693833411352e+00
2.891838869601042195e+00
7.090079819485545221e-01
2.399603281083430684e+00
3.362815986164924276e+00
3.964034742827396318e+00
6.373801974468145559e+00
4.426747856717640595e+00
1.000000000000000000e+01
3.207665928291634660e+00
6.226200861734783487e+00
4.639795085565125987e+00
3.005474305617648945e+00
4.979804098355441688e+00
1.447090002250843721e+00
4.379640305017817425e+00
5.817388089149265085e+00
2.390109071792881235e+00
3.671664908931302485e+00
3.083431346105421689e+00
5.323694493807763273e+00
3.687815022400740883e+00
4.866532778683215987e+00
4.050117521865360892e+00
4.534580350666558957e+00
5.105685741650672904e-01
4.029341329579068542e+00
2.238535610621974481e+00
2.365977502012777123e+00
3.977917790602039094e-01
3.303100397203080796e+00
2.824444576565362297e+00
2.512207041247876305e+00
4.454817479491465448e+00
1.702688789978351380e+00
3.217738091606403117e+00
1.267073589708979986e+00
1.063792826667333991e+00
2.190428042396397323e+00
4.606016691942115493e+00
1.945140229472810955e-02
3.446510778720415669e+00
5.016396267057960934e+00
6.056359686187233748e-01
2.955148302983459652e-01
7.264244853410771086e+00
7.051928979311810508e+00
2.297725724630637512e+00
4.100895269009066979e+00
2.865221024906960956e+00
1.400316051146287544e+00
9.017479152728683500e-01
2.143897057222286406e+00
1.734384601583548235e+00
1.780697666691808179e+00
9.072557217820210740e-01
2.119495258344409105e+00
2.806033735622206926e+00
3.829241959279687801e-01
5.226157799444474117e-01
9.589873531220551861e-01
1.660516087712493594e+00
9.367282213344871877e-01
3.727131968015966468e+00
4.019578768006956793e+00
1.737628915275263974e+00
5.515497575356190785e-01
1.626587861862288209e+00
3.788135114548768279e+00
2.142993027234814551e+00
4.663452285391547769e-02
2.831563029688290101e+00
2.316751492412753244e+00
