6.327920818146998805e+00
4.246531349669167454e+00
2.571745438202337475e+00
5.980322352867141866e+00
2.701947515451368909e-01
3.270855063242403382e+00
5.721517072414531668e+00
1.257105429895711390e+00
2.101220026868098056e+00
4.554803756961738337e+00
7.940945857199027458e+00
1.951701912313541287e+00
3.072521809990707453e+00
1.372647173433879431e+00
4.202677505327481633e+00
5.778575014050300052e-01
4.137702745486289579e+00
2.726338466969226548e+00
1.165798879882674610e+00
2.925884510106949055e+00
2.950286583521748995e-01
4.540854136621569337e-01
3.877958907092059260e+00
1.375512707729479756e+00
3.797885871269469416e+00
7.528608579139222989e+00
4.272632180652516709e+00
4.788149054022158069e+00
1.072311473595247699e+00
4.577413760074231064e+00
1.255989833952095847e-01
5.451728811035654321e-01
2.461279923666812586e+00
1.000000000000000000e+01
3.583444755363624168e+00
1.683954886533937323e+00
3.459492426463857129e+00
3.485478593956595983e+00
7.265363091473285850e-01
1.646478735691973894e+00
3.541845142429577820e+00
4.372483169040276785e+00
1.295424280155190955e+00
1.000000000000000000e+01
1.691105060000640758e+00
8.451987082072027757e-01
2.058598917136755801e+00
1.818293626791129380e+00
2.586344214096433447e+00
3.746018523238317521e-01
1.817996553920537162e+00
2.572093976840879037e+00
3.217371642861779790e+00
2.954133291747113699e+00
2.063594975594249536e+00
1.964467098862811678e+00
4.143504137812385468e-01
2.697631013517665544e+00
6.309820333331721542e+00
4.888234902344249733e+00
1.965693683335727915e+00
7.588108544613598738e-01
3.226374897843125034e+00
1.540137310735566700e+00
7.577621308505140263e+00
2.521334376872766292e+00
1.335382884064687747e+00
2.329495760727062326e+00
3.469644733124313873e+00
1.083621315027724519e+00
2.604787309675157925e+00
7.799369835205559598e-01
3.365334588926165438e+00
3.198868918684224294e+00
3.278799521994884891e+00
1.991518198322625111e+00
5.947890027608920605e+00
3.275352108185278777e+00
1.046690901883638558e+00
2.685440016552145259e+00
4.997857396168754462e+00
3.964896706361007439e+00
1.589924923545410040e+00
1.625004635211653614e+00
8.763686203727791835e-01
5.203360416282394318e-01
7.387709739604955139e-01
2.450807866036786908e+00
7.751612291276770428e-01
3.020326404664741116e+00
3.205297660091898759e+00
1.353475785111251106e+00
1.670959497312450859e+00
5.571756111286859658e-01
2.966598331726327586e+00
1.020654418406185426e+00
1.136645621776196879e+00
1.511967635072112293e+00
3.128380540148286926e+00
2.523744274687149680e+00
