2.275000000000000000e+01
1.450000000000000000e+01
2.500000000000000000e+01
2.050000000000000000e+01
2.500000000000000000e+01
1.500000000000000000e+01
2.500000000000000000e+01
1.400000000000000000e+01
2.500000000000000000e+01
2.475000000000000000e+01
2.250000000000000000e+01
2.425000000000000000e+01
1.725000000000000000e+01
2.500000000000000000e+01
1.975000000000000000e+01
1.825000000000000000e+01
2.500000000000000000e+01
2.000000000000000000e+01
2.500000000000000000e+01
2.400000000000000000e+01
2.500000000000000000e+01
1.325000000000000000e+01
1.800000000000000000e+01
2.000000000000000000e+01
2.025000000000000000e+01
