2.318750000000000000e+01
2.300000000000000000e+01
2.298750000000000426e+01
2.312500000000000000e+01
2.311250000000000071e+01
2.327499999999999858e+01
2.298749999999999716e+01
2.291250000000000142e+01
2.300000000000000000e+01
2.318750000000000000e+01
2.300000000000000000e+01
2.291250000000000142e+01
2.270000000000000284e+01
2.288750000000000284e+01
2.294999999999999929e+01
2.302499999999999858e+01
2.302499999999999858e+01
2.264999999999999858e+01
2.248750000000000071e+01
2.237500000000000000e+01
2.211250000000000071e+01
2.214999999999999858e+01
2.213749999999999929e+01
2.213750000000000284e+01
2.213749999999999929e+01
2.207500000000000284e+01
2.236250000000000071e+01
2.260000000000000142e+01
2.237500000000000000e+01
2.237500000000000000e+01
2.245000000000000284e+01
2.267500000000000071e+01
2.292500000000000071e+01
2.292500000000000071e+01
2.251250000000000284e+01
2.272500000000000142e+01
2.272500000000000142e+01
2.290000000000000213e+01
2.306250000000000000e+01
2.318750000000000000e+01
2.344999999999999929e+01
2.358749999999999858e+01
2.361249999999999716e+01
2.338749999999999929e+01
2.347499999999999787e+01
2.343750000000000000e+01
2.341249999999999787e+01
2.318750000000000000e+01
2.327499999999999858e+01
2.309999999999999787e+01
2.330000000000000071e+01
2.319999999999999929e+01
2.300000000000000000e+01
2.267500000000000071e+01
2.308749999999999858e+01
2.281250000000000000e+01
2.278750000000000142e+01
2.285000000000000142e+01
2.285000000000000142e+01
2.276249999999999929e+01
2.276249999999999929e+01
2.277499999999999858e+01
2.277499999999999858e+01
2.300000000000000000e+01
2.292500000000000426e+01
2.311250000000000071e+01
2.270000000000000284e+01
2.276250000000000284e+01
2.263750000000000284e+01
2.281250000000000355e+01
2.256250000000000355e+01
2.258750000000000213e+01
2.273750000000000426e+01
2.306250000000000000e+01
2.306250000000000000e+01
2.322500000000000142e+01
2.325000000000000000e+01
2.317499999999999716e+01
2.301249999999999929e+01
2.288749999999999929e+01
2.288750000000000284e+01
2.273750000000000071e+01
2.270000000000000284e+01
2.270000000000000284e+01
2.269999999999999929e+01
2.246249999999999858e+01
2.268750000000000000e+01
2.285000000000000142e+01
2.302500000000000213e+01
2.302500000000000213e+01
2.327500000000000213e+01
2.322500000000000142e+01
2.321250000000000213e+01
2.300000000000000000e+01
2.296250000000000213e+01
2.307500000000000284e+01
2.307500000000000284e+01
2.308750000000000213e+01
2.307500000000000284e+01
2.326250000000000284e+01
2.307500000000000284e+01
2.316250000000000142e+01
2.320000000000000284e+01
2.291250000000000142e+01
2.269999999999999929e+01
2.277499999999999858e+01
2.264999999999999858e+01
2.258749999999999858e+01
2.266250000000000142e+01
2.266250000000000142e+01
2.266250000000000142e+01
2.262500000000000000e+01
2.270000000000000284e+01
2.291250000000000142e+01
2.257500000000000284e+01
2.232500000000000284e+01
2.232500000000000284e+01
2.252499999999999858e+01
2.244999999999999929e+01
2.253750000000000142e+01
2.252499999999999858e+01
2.251249999999999929e+01
2.227499999999999858e+01
2.209999999999999787e+01
2.238749999999999929e+01
2.221249999999999858e+01
2.255000000000000071e+01
2.261250000000000071e+01
2.247500000000000142e+01
2.238750000000000284e+01
2.205000000000000071e+01
2.158749999999999858e+01
2.158750000000000213e+01
2.158749999999999858e+01
2.196250000000000213e+01
2.202499999999999858e+01
2.202500000000000213e+01
2.195000000000000284e+01
2.220000000000000284e+01
2.195000000000000284e+01
2.205000000000000071e+01
2.212500000000000000e+01
2.236249999999999716e+01
2.282499999999999929e+01
2.262500000000000000e+01
2.282499999999999929e+01
2.273750000000000071e+01
2.273750000000000071e+01
2.288750000000000284e+01
2.276250000000000284e+01
2.310000000000000142e+01
2.372500000000000142e+01
2.330000000000000071e+01
2.301249999999999929e+01
2.257499999999999929e+01
2.251249999999999929e+01
2.244999999999999929e+01
2.232499999999999929e+01
2.219999999999999929e+01
2.222500000000000142e+01
2.219999999999999929e+01
2.201250000000000284e+01
2.201249999999999929e+01
2.168750000000000000e+01
2.188749999999999929e+01
2.172500000000000142e+01
2.156250000000000000e+01
2.135000000000000142e+01
2.127499999999999858e+01
2.106250000000000000e+01
2.073750000000000071e+01
2.043750000000000000e+01
2.072500000000000142e+01
2.097500000000000142e+01
2.088749999999999929e+01
2.076249999999999929e+01
2.066250000000000142e+01
2.066250000000000142e+01
2.078750000000000142e+01
2.103750000000000142e+01
2.112500000000000000e+01
2.131250000000000000e+01
2.093750000000000000e+01
2.125000000000000000e+01
2.125000000000000000e+01
2.155000000000000071e+01
2.180000000000000071e+01
2.173750000000000071e+01
2.145000000000000284e+01
2.163750000000000284e+01
2.196249999999999858e+01
2.226250000000000284e+01
2.236250000000000071e+01
2.237500000000000000e+01
2.286250000000000071e+01
2.270000000000000284e+01
2.263750000000000284e+01
2.273750000000000071e+01
2.273750000000000071e+01
2.251250000000000284e+01
2.202499999999999858e+01
2.202500000000000213e+01
2.240000000000000213e+01
2.241250000000000142e+01
2.211250000000000426e+01
2.211250000000000426e+01
2.167500000000000426e+01
2.152500000000000213e+01
2.186250000000000426e+01
2.186250000000000426e+01
2.142500000000000426e+01
2.103750000000000142e+01
2.095000000000000284e+01
2.071250000000000213e+01
2.053750000000000142e+01
2.056250000000000000e+01
2.025000000000000000e+01
2.035000000000000142e+01
2.006250000000000000e+01
2.028750000000000142e+01
2.081250000000000000e+01
2.071249999999999858e+01
2.056250000000000000e+01
2.032499999999999929e+01
2.050000000000000000e+01
2.028750000000000142e+01
2.072500000000000142e+01
2.110000000000000142e+01
2.063749999999999929e+01
2.046249999999999858e+01
2.089999999999999858e+01
2.106250000000000000e+01
2.118750000000000000e+01
2.144999999999999929e+01
2.151250000000000284e+01
2.167500000000000071e+01
2.193750000000000000e+01
2.193750000000000000e+01
2.176250000000000284e+01
2.163750000000000284e+01
2.152500000000000213e+01
2.128750000000000142e+01
2.123750000000000071e+01
2.137500000000000000e+01
2.141250000000000142e+01
2.127499999999999858e+01
2.127499999999999858e+01
2.123750000000000071e+01
2.162500000000000000e+01
2.192500000000000071e+01
2.177500000000000213e+01
2.143750000000000000e+01
2.143750000000000000e+01
2.143750000000000000e+01
2.130000000000000071e+01
2.122500000000000142e+01
2.135000000000000142e+01
2.100000000000000355e+01
2.123750000000000071e+01
2.136250000000000426e+01
2.147500000000000142e+01
2.152500000000000213e+01
2.138750000000000284e+01
2.110000000000000142e+01
2.118750000000000000e+01
2.141250000000000142e+01
2.127500000000000213e+01
2.072500000000000142e+01
2.027499999999999858e+01
2.015000000000000213e+01
2.026250000000000284e+01
2.082500000000000284e+01
2.056250000000000355e+01
2.042500000000000426e+01
2.071250000000000568e+01
2.088750000000000284e+01
2.071250000000000213e+01
2.080000000000000071e+01
2.066250000000000142e+01
2.039999999999999858e+01
2.035000000000000142e+01
2.053750000000000142e+01
2.029999999999999716e+01
2.051249999999999929e+01
2.051249999999999929e+01
2.018750000000000000e+01
2.032500000000000284e+01
2.096249999999999858e+01
2.137500000000000000e+01
2.112500000000000000e+01
2.076250000000000284e+01
2.033750000000000213e+01
2.047500000000000142e+01
2.028750000000000142e+01
1.977499999999999858e+01
1.975000000000000000e+01
1.993750000000000000e+01
2.005000000000000426e+01
1.970000000000000284e+01
1.976250000000000284e+01
1.950000000000000000e+01
1.935000000000000142e+01
1.958749999999999858e+01
1.968750000000000000e+01
1.913749999999999929e+01
1.953750000000000142e+01
1.930000000000000071e+01
1.882500000000000284e+01
1.861250000000000426e+01
1.893750000000000000e+01
1.933749999999999858e+01
1.976250000000000284e+01
1.968750000000000000e+01
1.953750000000000142e+01
1.980000000000000071e+01
1.989999999999999858e+01
1.962500000000000000e+01
1.935000000000000142e+01
2.006250000000000000e+01
1.960000000000000142e+01
1.978750000000000142e+01
1.975000000000000000e+01
2.005000000000000071e+01
2.006250000000000000e+01
2.061249999999999716e+01
2.038749999999999929e+01
2.062500000000000000e+01
2.110000000000000142e+01
2.120000000000000284e+01
2.118750000000000000e+01
2.117500000000000426e+01
2.092500000000000071e+01
2.063750000000000284e+01
2.098750000000000071e+01
2.123750000000000071e+01
2.112500000000000000e+01
2.111250000000000071e+01
2.141250000000000142e+01
2.112500000000000000e+01
2.168750000000000000e+01
2.160000000000000142e+01
2.147499999999999787e+01
2.151249999999999929e+01
2.157499999999999929e+01
2.157499999999999929e+01
2.163749999999999929e+01
2.135000000000000142e+01
2.110000000000000142e+01
2.108749999999999858e+01
2.126250000000000284e+01
2.127500000000000213e+01
2.152499999999999858e+01
2.201249999999999929e+01
2.213749999999999929e+01
2.175000000000000000e+01
2.136249999999999716e+01
2.178750000000000142e+01
2.191250000000000142e+01
2.219999999999999929e+01
2.182499999999999929e+01
2.179999999999999716e+01
2.196249999999999858e+01
2.169999999999999929e+01
2.146249999999999858e+01
2.146249999999999858e+01
2.128750000000000142e+01
2.113750000000000284e+01
2.138750000000000284e+01
2.141250000000000142e+01
2.127499999999999858e+01
2.057500000000000284e+01
2.028750000000000142e+01
2.028750000000000142e+01
2.005000000000000426e+01
2.007500000000000284e+01
2.046249999999999858e+01
2.031250000000000000e+01
2.001249999999999929e+01
1.938750000000000284e+01
1.986250000000000071e+01
1.981250000000000000e+01
1.985000000000000142e+01
1.993750000000000000e+01
1.988749999999999574e+01
1.967500000000000071e+01
1.969999999999999929e+01
2.013749999999999929e+01
1.987500000000000000e+01
1.964999999999999858e+01
1.946249999999999858e+01
2.016250000000000142e+01
2.023750000000000071e+01
1.997500000000000142e+01
1.997500000000000142e+01
2.007499999999999929e+01
1.993750000000000000e+01
1.993750000000000000e+01
1.996249999999999858e+01
2.056250000000000000e+01
2.032500000000000284e+01
2.056250000000000000e+01
2.032500000000000284e+01
2.013750000000000284e+01
1.991250000000000142e+01
1.978750000000000142e+01
1.991250000000000142e+01
1.913750000000000284e+01
1.907500000000000284e+01
1.923750000000000071e+01
1.928750000000000142e+01
1.928750000000000142e+01
1.950000000000000000e+01
1.948750000000000426e+01
1.969999999999999929e+01
1.953750000000000142e+01
1.996249999999999858e+01
1.992500000000000071e+01
1.993750000000000000e+01
1.987500000000000000e+01
2.011250000000000071e+01
1.971250000000000213e+01
1.963749999999999929e+01
1.960000000000000142e+01
1.955000000000000071e+01
1.946249999999999858e+01
1.951250000000000284e+01
2.002499999999999858e+01
2.012500000000000000e+01
2.000000000000000000e+01
1.971250000000000213e+01
1.917500000000000071e+01
1.882500000000000284e+01
1.896250000000000213e+01
1.866250000000000142e+01
1.908750000000000213e+01
1.908750000000000213e+01
1.927500000000000213e+01
1.930000000000000071e+01
1.896249999999999858e+01
1.878750000000000142e+01
1.908749999999999858e+01
1.931250000000000000e+01
1.931250000000000000e+01
1.987500000000000000e+01
1.952499999999999858e+01
1.925000000000000000e+01
1.936250000000000071e+01
1.945000000000000284e+01
1.977500000000000213e+01
2.033750000000000213e+01
2.046250000000000213e+01
2.078750000000000142e+01
2.065000000000000213e+01
2.086250000000000071e+01
2.050000000000000000e+01
2.036250000000000071e+01
2.028750000000000142e+01
2.026250000000000284e+01
2.056250000000000000e+01
2.025000000000000000e+01
2.033750000000000213e+01
2.063750000000000284e+01
2.072500000000000142e+01
2.046249999999999858e+01
2.082500000000000284e+01
2.100000000000000000e+01
2.102499999999999858e+01
2.116250000000000142e+01
2.087500000000000000e+01
2.044999999999999929e+01
2.028750000000000142e+01
2.004999999999999716e+01
2.032499999999999929e+01
2.012500000000000000e+01
2.026250000000000284e+01
2.013750000000000284e+01
2.006250000000000000e+01
2.016250000000000142e+01
2.014999999999999858e+01
2.035000000000000142e+01
2.005000000000000071e+01
2.005000000000000071e+01
2.012500000000000000e+01
2.038749999999999929e+01
2.080000000000000071e+01
2.102499999999999858e+01
2.115000000000000213e+01
2.093750000000000000e+01
2.103750000000000142e+01
2.116250000000000142e+01
2.145000000000000284e+01
2.121250000000000213e+01
2.098750000000000071e+01
2.088750000000000284e+01
2.098750000000000071e+01
2.098750000000000071e+01
2.093750000000000000e+01
2.088750000000000284e+01
2.093750000000000000e+01
2.089999999999999858e+01
2.094999999999999929e+01
2.054999999999999716e+01
2.032500000000000284e+01
1.980000000000000071e+01
1.968750000000000000e+01
1.954999999999999716e+01
1.923750000000000071e+01
1.905000000000000071e+01
1.903750000000000142e+01
1.927500000000000213e+01
1.945000000000000284e+01
1.957500000000000284e+01
1.931250000000000000e+01
1.905000000000000426e+01
1.886250000000000426e+01
1.883750000000000213e+01
1.903750000000000142e+01
1.910000000000000142e+01
1.918750000000000000e+01
1.951250000000000284e+01
1.962500000000000000e+01
1.987500000000000000e+01
2.033749999999999858e+01
2.021250000000000213e+01
1.996249999999999858e+01
2.005000000000000071e+01
1.985000000000000142e+01
2.018750000000000000e+01
2.030000000000000071e+01
2.021249999999999858e+01
1.989999999999999858e+01
1.956250000000000000e+01
2.004999999999999716e+01
2.053750000000000142e+01
2.042499999999999716e+01
2.052499999999999858e+01
2.011250000000000071e+01
2.026250000000000284e+01
1.995000000000000284e+01
1.973750000000000071e+01
1.993750000000000000e+01
2.008749999999999858e+01
2.008749999999999858e+01
2.043750000000000000e+01
2.058749999999999858e+01
2.070000000000000284e+01
2.100000000000000000e+01
2.061249999999999716e+01
2.070000000000000284e+01
2.085000000000000142e+01
2.075000000000000000e+01
2.120000000000000284e+01
2.060000000000000142e+01
2.073750000000000071e+01
2.071249999999999858e+01
2.062500000000000000e+01
2.061250000000000071e+01
2.061250000000000071e+01
2.071250000000000213e+01
2.063750000000000284e+01
2.046250000000000213e+01
2.007500000000000284e+01
1.981250000000000000e+01
2.011250000000000071e+01
2.025000000000000000e+01
1.987500000000000000e+01
1.966250000000000142e+01
1.960000000000000142e+01
1.944999999999999929e+01
1.882499999999999929e+01
1.907499999999999929e+01
1.897500000000000142e+01
1.943750000000000000e+01
1.916250000000000142e+01
1.961250000000000071e+01
1.965000000000000213e+01
1.986250000000000071e+01
1.963749999999999929e+01
1.946249999999999858e+01
1.975000000000000000e+01
1.966250000000000142e+01
1.993750000000000000e+01
1.998750000000000071e+01
1.972500000000000142e+01
1.973750000000000071e+01
1.966250000000000142e+01
1.966250000000000142e+01
1.970000000000000284e+01
1.952499999999999858e+01
1.977500000000000213e+01
1.972500000000000142e+01
1.985000000000000142e+01
1.976250000000000284e+01
2.008749999999999858e+01
1.983749999999999858e+01
1.995000000000000284e+01
1.987500000000000000e+01
1.966250000000000142e+01
1.941250000000000142e+01
1.906250000000000000e+01
1.898750000000000426e+01
1.880000000000000426e+01
1.888750000000000284e+01
1.895000000000000284e+01
1.901250000000000284e+01
1.917500000000000426e+01
1.957500000000000284e+01
1.967500000000000426e+01
1.975000000000000000e+01
1.997500000000000142e+01
1.993750000000000000e+01
1.993750000000000000e+01
2.002500000000000213e+01
1.986250000000000071e+01
2.000000000000000000e+01
1.985000000000000142e+01
1.991250000000000142e+01
2.008750000000000213e+01
2.050000000000000000e+01
2.065000000000000213e+01
2.065000000000000213e+01
2.053750000000000142e+01
2.008750000000000213e+01
2.028750000000000142e+01
2.028750000000000142e+01
2.035000000000000142e+01
2.013750000000000284e+01
2.016250000000000142e+01
2.007500000000000284e+01
1.997500000000000142e+01
2.022500000000000142e+01
2.037500000000000000e+01
2.045000000000000284e+01
1.991250000000000142e+01
1.989999999999999858e+01
2.002499999999999858e+01
2.020000000000000284e+01
2.018750000000000000e+01
2.041250000000000142e+01
2.048750000000000071e+01
2.030000000000000071e+01
2.046250000000000213e+01
2.092500000000000071e+01
2.057500000000000284e+01
2.057500000000000284e+01
2.052499999999999858e+01
2.023750000000000071e+01
2.038750000000000284e+01
2.051250000000000284e+01
2.076250000000000284e+01
2.086250000000000426e+01
2.058750000000000213e+01
2.032500000000000284e+01
2.088750000000000284e+01
2.078750000000000142e+01
2.070000000000000284e+01
2.052499999999999858e+01
2.079999999999999716e+01
2.058749999999999858e+01
2.061249999999999716e+01
2.089999999999999858e+01
2.101250000000000284e+01
2.063750000000000284e+01
2.090000000000000213e+01
2.053750000000000142e+01
2.081250000000000000e+01
2.111250000000000071e+01
2.108749999999999858e+01
2.107499999999999929e+01
2.051249999999999929e+01
2.029999999999999716e+01
2.025000000000000000e+01
2.048749999999999716e+01
2.062500000000000000e+01
2.060000000000000142e+01
2.070000000000000284e+01
2.039999999999999858e+01
2.002499999999999858e+01
2.023750000000000071e+01
2.033749999999999858e+01
2.057500000000000284e+01
2.053750000000000142e+01
2.075000000000000000e+01
2.057500000000000284e+01
2.052500000000000213e+01
1.995000000000000284e+01
2.017500000000000071e+01
2.017500000000000071e+01
2.014999999999999858e+01
2.046249999999999858e+01
2.046249999999999858e+01
2.050000000000000000e+01
2.042500000000000071e+01
1.994999999999999929e+01
2.006250000000000000e+01
2.019999999999999929e+01
2.072500000000000142e+01
2.110000000000000142e+01
2.081250000000000000e+01
2.051250000000000284e+01
2.040000000000000213e+01
2.016250000000000142e+01
2.027499999999999858e+01
2.032499999999999929e+01
2.050000000000000000e+01
2.107499999999999929e+01
2.041250000000000142e+01
2.048750000000000071e+01
2.083749999999999858e+01
2.090000000000000213e+01
2.112500000000000000e+01
2.135000000000000142e+01
2.083749999999999858e+01
2.094999999999999929e+01
2.079999999999999716e+01
2.035000000000000142e+01
1.987500000000000000e+01
1.939999999999999858e+01
1.946249999999999858e+01
1.975000000000000000e+01
1.957500000000000284e+01
1.994999999999999929e+01
1.986250000000000426e+01
1.953750000000000142e+01
1.975000000000000000e+01
1.936250000000000426e+01
1.941250000000000142e+01
1.951250000000000284e+01
1.931250000000000000e+01
1.941250000000000142e+01
1.922500000000000142e+01
1.913750000000000284e+01
1.960000000000000142e+01
1.963750000000000284e+01
1.973750000000000426e+01
2.001250000000000284e+01
1.987500000000000355e+01
2.017500000000000426e+01
2.002500000000000213e+01
1.997500000000000142e+01
1.970000000000000284e+01
1.960000000000000142e+01
1.947500000000000142e+01
1.967500000000000426e+01
1.952499999999999858e+01
1.970000000000000284e+01
2.010000000000000142e+01
1.987500000000000000e+01
1.988749999999999929e+01
1.991250000000000142e+01
1.966250000000000142e+01
1.936250000000000071e+01
1.912500000000000000e+01
1.908749999999999858e+01
1.901250000000000284e+01
1.885000000000000142e+01
1.911250000000000426e+01
1.906250000000000000e+01
1.905000000000000071e+01
1.906250000000000000e+01
1.901249999999999929e+01
1.915000000000000213e+01
1.937500000000000000e+01
1.942500000000000426e+01
1.943750000000000000e+01
1.960000000000000142e+01
1.972500000000000142e+01
1.985000000000000142e+01
1.955000000000000071e+01
1.961250000000000071e+01
1.963749999999999929e+01
1.987500000000000000e+01
2.011250000000000071e+01
2.012500000000000000e+01
2.010000000000000142e+01
1.993750000000000000e+01
1.998750000000000071e+01
1.981250000000000000e+01
2.019999999999999929e+01
2.008750000000000213e+01
2.010000000000000142e+01
1.948750000000000426e+01
1.927500000000000213e+01
1.935000000000000142e+01
1.951250000000000284e+01
1.922500000000000142e+01
1.911250000000000426e+01
1.905000000000000426e+01
1.935000000000000142e+01
1.891250000000000142e+01
1.888750000000000284e+01
1.875000000000000000e+01
1.860000000000000142e+01
1.851250000000000284e+01
1.845000000000000284e+01
1.853750000000000142e+01
1.882500000000000284e+01
1.876250000000000284e+01
1.823750000000000071e+01
1.800000000000000000e+01
1.818750000000000000e+01
1.847500000000000142e+01
1.883750000000000213e+01
1.887500000000000000e+01
1.873750000000000426e+01
1.867500000000000426e+01
1.872500000000000142e+01
1.892500000000000071e+01
1.896249999999999858e+01
1.912500000000000000e+01
1.933750000000000213e+01
1.977500000000000213e+01
2.010000000000000142e+01
2.019999999999999929e+01
2.035000000000000142e+01
2.035000000000000142e+01
1.980000000000000071e+01
1.957500000000000284e+01
1.973750000000000071e+01
1.992500000000000071e+01
2.022500000000000142e+01
1.996249999999999858e+01
1.952499999999999858e+01
1.943750000000000000e+01
1.893750000000000000e+01
1.907499999999999929e+01
1.903750000000000142e+01
1.888750000000000284e+01
1.822500000000000142e+01
1.835000000000000142e+01
1.823750000000000071e+01
1.778750000000000142e+01
1.782499999999999929e+01
1.791250000000000142e+01
1.792500000000000071e+01
1.792500000000000071e+01
1.805000000000000071e+01
1.862500000000000000e+01
1.898750000000000071e+01
1.919999999999999929e+01
1.931250000000000000e+01
1.972500000000000142e+01
1.989999999999999858e+01
1.973750000000000426e+01
2.012500000000000000e+01
1.992500000000000071e+01
1.992500000000000071e+01
1.988750000000000284e+01
2.028750000000000142e+01
2.021250000000000213e+01
2.016250000000000142e+01
2.038749999999999929e+01
2.021249999999999858e+01
2.022499999999999787e+01
1.991249999999999787e+01
2.011249999999999716e+01
2.029999999999999716e+01
2.027499999999999858e+01
2.022500000000000142e+01
2.022500000000000142e+01
1.997500000000000142e+01
2.001250000000000284e+01
1.996249999999999858e+01
2.038750000000000284e+01
2.038750000000000284e+01
2.048750000000000071e+01
2.010000000000000142e+01
1.971250000000000213e+01
1.992500000000000426e+01
1.986250000000000426e+01
2.005000000000000071e+01
2.027499999999999858e+01
2.021249999999999858e+01
2.031250000000000000e+01
2.060000000000000142e+01
2.005000000000000071e+01
2.010000000000000142e+01
1.962500000000000000e+01
1.937500000000000000e+01
1.937500000000000000e+01
1.951250000000000284e+01
1.936250000000000071e+01
1.926250000000000284e+01
1.905000000000000071e+01
1.930000000000000071e+01
1.918750000000000000e+01
1.906250000000000000e+01
1.935000000000000142e+01
1.901249999999999929e+01
1.887500000000000000e+01
1.860000000000000142e+01
1.818750000000000000e+01
1.800000000000000000e+01
1.766250000000000142e+01
1.776249999999999929e+01
1.802499999999999858e+01
1.777499999999999858e+01
1.766250000000000142e+01
1.782500000000000284e+01
1.782500000000000284e+01
1.772500000000000142e+01
1.795000000000000284e+01
1.807499999999999929e+01
1.773750000000000071e+01
1.758750000000000213e+01
1.791250000000000142e+01
1.821250000000000213e+01
1.823750000000000071e+01
1.850000000000000000e+01
1.867500000000000426e+01
1.891250000000000142e+01
1.932500000000000284e+01
1.907500000000000284e+01
1.927499999999999858e+01
1.900000000000000000e+01
1.936250000000000071e+01
1.976249999999999929e+01
2.001250000000000284e+01
1.975000000000000000e+01
1.950000000000000000e+01
1.942499999999999716e+01
1.916250000000000142e+01
1.927499999999999858e+01
1.950000000000000000e+01
1.933750000000000213e+01
1.908750000000000213e+01
1.933750000000000213e+01
1.930000000000000071e+01
1.936250000000000071e+01
1.903750000000000142e+01
1.881250000000000000e+01
1.846250000000000213e+01
1.855000000000000071e+01
1.807500000000000284e+01
1.760000000000000142e+01
1.745000000000000284e+01
1.702499999999999858e+01
1.705000000000000071e+01
1.714999999999999858e+01
1.685000000000000142e+01
1.678750000000000142e+01
1.662500000000000000e+01
1.645000000000000284e+01
1.666250000000000142e+01
1.697500000000000142e+01
1.682499999999999929e+01
1.676249999999999929e+01
1.662500000000000000e+01
1.652499999999999858e+01
1.689999999999999858e+01
1.718750000000000000e+01
1.739999999999999858e+01
1.722500000000000142e+01
1.735000000000000142e+01
1.788749999999999929e+01
1.787500000000000000e+01
1.794999999999999929e+01
1.821249999999999858e+01
1.789999999999999858e+01
1.814999999999999858e+01
1.803750000000000142e+01
1.852499999999999858e+01
1.858749999999999858e+01
1.806250000000000000e+01
1.746249999999999858e+01
1.764999999999999858e+01
1.743750000000000000e+01
1.755000000000000071e+01
1.771249999999999858e+01
1.785000000000000142e+01
1.778750000000000142e+01
1.763749999999999929e+01
1.807499999999999929e+01
1.801249999999999929e+01
1.833749999999999858e+01
1.829999999999999716e+01
1.829999999999999716e+01
1.788749999999999929e+01
1.850000000000000000e+01
1.870000000000000284e+01
1.876250000000000284e+01
1.876250000000000284e+01
1.827499999999999858e+01
1.868750000000000000e+01
1.922500000000000142e+01
1.958749999999999858e+01
1.977499999999999858e+01
1.941250000000000142e+01
1.956250000000000000e+01
1.942499999999999716e+01
1.952499999999999858e+01
1.914999999999999858e+01
1.947500000000000142e+01
1.975000000000000000e+01
1.966250000000000142e+01
1.958750000000000213e+01
1.988750000000000284e+01
2.036250000000000071e+01
2.020000000000000284e+01
1.986250000000000071e+01
1.996250000000000213e+01
1.972500000000000142e+01
2.007500000000000284e+01
1.983749999999999858e+01
1.931250000000000000e+01
1.861250000000000071e+01
1.828750000000000142e+01
1.816250000000000142e+01
1.791250000000000142e+01
1.789999999999999858e+01
1.757500000000000284e+01
1.778750000000000142e+01
1.726250000000000284e+01
1.702500000000000213e+01
1.666250000000000142e+01
1.707499999999999929e+01
1.678750000000000142e+01
1.668750000000000000e+01
1.640000000000000213e+01
1.671250000000000213e+01
1.676249999999999929e+01
1.661250000000000071e+01
1.662500000000000000e+01
1.708749999999999858e+01
1.738749999999999929e+01
1.793750000000000000e+01
1.811249999999999716e+01
1.880000000000000071e+01
1.872500000000000142e+01
1.843750000000000000e+01
1.839999999999999858e+01
1.864999999999999858e+01
1.872500000000000142e+01
1.935000000000000142e+01
1.962500000000000000e+01
1.953750000000000142e+01
1.955000000000000071e+01
1.950000000000000000e+01
1.961249999999999716e+01
1.952499999999999858e+01
1.942500000000000071e+01
1.965000000000000213e+01
1.992500000000000426e+01
1.957500000000000284e+01
1.960000000000000142e+01
1.947500000000000142e+01
1.953750000000000142e+01
1.932500000000000284e+01
1.926250000000000284e+01
1.957500000000000284e+01
1.993750000000000000e+01
1.992500000000000071e+01
1.948750000000000071e+01
1.948750000000000426e+01
1.901250000000000284e+01
1.882500000000000284e+01
1.851250000000000284e+01
1.846249999999999858e+01
1.853750000000000142e+01
1.851250000000000284e+01
1.802499999999999858e+01
1.767500000000000071e+01
1.781250000000000000e+01
1.777500000000000213e+01
1.761250000000000071e+01
1.767500000000000426e+01
1.770000000000000284e+01
1.736250000000000426e+01
1.715000000000000213e+01
1.700000000000000000e+01
1.657499999999999929e+01
1.598750000000000071e+01
1.653750000000000142e+01
1.614999999999999858e+01
1.641250000000000142e+01
1.646250000000000213e+01
1.701250000000000284e+01
1.703750000000000142e+01
1.707500000000000284e+01
1.713749999999999929e+01
1.747500000000000142e+01
1.776249999999999929e+01
1.739999999999999858e+01
1.730000000000000071e+01
1.740000000000000213e+01
1.736250000000000071e+01
1.702500000000000213e+01
1.746249999999999858e+01
1.802499999999999858e+01
1.816250000000000142e+01
1.788750000000000284e+01
1.852499999999999858e+01
1.825000000000000000e+01
1.841250000000000142e+01
1.848750000000000071e+01
1.871250000000000213e+01
1.860000000000000142e+01
1.822500000000000142e+01
1.758750000000000213e+01
1.732500000000000284e+01
1.741250000000000142e+01
1.726250000000000284e+01
1.712500000000000000e+01
1.738750000000000284e+01
1.738750000000000284e+01
1.721249999999999858e+01
1.765000000000000213e+01
1.782500000000000284e+01
1.785000000000000142e+01
1.781250000000000000e+01
1.795000000000000284e+01
1.726249999999999929e+01
1.748750000000000071e+01
1.773749999999999716e+01
1.754999999999999716e+01
1.687500000000000000e+01
1.666250000000000142e+01
1.700000000000000000e+01
1.745000000000000284e+01
1.788750000000000284e+01
1.802500000000000213e+01
1.840000000000000213e+01
1.843750000000000000e+01
1.842500000000000071e+01
1.839999999999999858e+01
1.814999999999999858e+01
1.789999999999999858e+01
1.733749999999999858e+01
1.693750000000000000e+01
1.686250000000000071e+01
1.713750000000000284e+01
1.787500000000000000e+01
1.795000000000000284e+01
1.775000000000000000e+01
1.793750000000000000e+01
1.861250000000000071e+01
1.887500000000000000e+01
1.871249999999999858e+01
1.895000000000000284e+01
1.868750000000000000e+01
1.865000000000000213e+01
1.850000000000000000e+01
1.848750000000000071e+01
1.833749999999999858e+01
1.808749999999999858e+01
1.851249999999999929e+01
1.846249999999999858e+01
1.850000000000000000e+01
1.855000000000000426e+01
1.846249999999999858e+01
1.838750000000000284e+01
1.807500000000000284e+01
1.826250000000000284e+01
1.803750000000000142e+01
1.820000000000000284e+01
1.780000000000000071e+01
1.775000000000000000e+01
1.800000000000000000e+01
1.757500000000000284e+01
1.742500000000000071e+01
1.745000000000000284e+01
1.720000000000000284e+01
1.741250000000000142e+01
1.768750000000000000e+01
1.796249999999999858e+01
1.768750000000000000e+01
1.817500000000000426e+01
1.851250000000000284e+01
1.863750000000000284e+01
1.856250000000000000e+01
1.870000000000000284e+01
1.881250000000000000e+01
1.881250000000000000e+01
1.847500000000000142e+01
1.843750000000000000e+01
1.812500000000000000e+01
1.751250000000000284e+01
1.776249999999999929e+01
1.775000000000000000e+01
1.793750000000000000e+01
1.797500000000000142e+01
1.831250000000000000e+01
1.817500000000000071e+01
1.771249999999999858e+01
1.800000000000000000e+01
1.829999999999999716e+01
1.764999999999999858e+01
1.791250000000000142e+01
1.757500000000000284e+01
1.783750000000000213e+01
1.762500000000000000e+01
1.751250000000000284e+01
1.742500000000000071e+01
1.800000000000000000e+01
1.761250000000000071e+01
1.802499999999999858e+01
1.872500000000000142e+01
1.837500000000000000e+01
1.872500000000000142e+01
1.878750000000000142e+01
1.885000000000000142e+01
1.842500000000000071e+01
1.877499999999999858e+01
1.900000000000000000e+01
1.854999999999999716e+01
1.854999999999999716e+01
1.902499999999999858e+01
1.888749999999999929e+01
1.921249999999999858e+01
1.920000000000000284e+01
1.967500000000000071e+01
1.991250000000000142e+01
1.982500000000000284e+01
1.970000000000000284e+01
1.986250000000000426e+01
1.990000000000000213e+01
1.946250000000000213e+01
1.937500000000000000e+01
1.938750000000000284e+01
1.945000000000000284e+01
1.936250000000000071e+01
1.921249999999999858e+01
1.860000000000000142e+01
1.853750000000000142e+01
1.831250000000000000e+01
1.828750000000000142e+01
1.822500000000000142e+01
1.801249999999999929e+01
1.806250000000000000e+01
1.819999999999999929e+01
1.789999999999999858e+01
1.766250000000000142e+01
1.750000000000000000e+01
1.738750000000000284e+01
1.756250000000000000e+01
1.758749999999999858e+01
1.797500000000000142e+01
1.792500000000000071e+01
1.767500000000000071e+01
1.739999999999999858e+01
1.728750000000000142e+01
1.778750000000000142e+01
1.791250000000000142e+01
1.788750000000000284e+01
1.827499999999999858e+01
1.812500000000000000e+01
1.830000000000000071e+01
1.832499999999999929e+01
1.852499999999999858e+01
1.842500000000000071e+01
1.835000000000000142e+01
1.850000000000000000e+01
1.832500000000000284e+01
1.875000000000000000e+01
1.862500000000000000e+01
1.821249999999999858e+01
1.818750000000000000e+01
1.825000000000000000e+01
1.875000000000000000e+01
1.892500000000000071e+01
1.878750000000000142e+01
1.867500000000000426e+01
1.902500000000000213e+01
1.920000000000000284e+01
1.887500000000000000e+01
1.888749999999999929e+01
1.871249999999999858e+01
1.876249999999999929e+01
1.822500000000000142e+01
1.811250000000000071e+01
1.818750000000000000e+01
1.815000000000000213e+01
1.873750000000000071e+01
1.831250000000000000e+01
1.842500000000000071e+01
1.895000000000000284e+01
1.875000000000000000e+01
1.882500000000000284e+01
1.845000000000000284e+01
1.800000000000000000e+01
1.812500000000000000e+01
1.793750000000000000e+01
1.746249999999999858e+01
1.748750000000000071e+01
1.802499999999999858e+01
1.818750000000000000e+01
1.791250000000000142e+01
1.797500000000000142e+01
1.820000000000000284e+01
1.801249999999999929e+01
1.816250000000000142e+01
1.847500000000000142e+01
1.800000000000000000e+01
1.821249999999999858e+01
1.797500000000000142e+01
1.793750000000000000e+01
1.832500000000000284e+01
1.826249999999999929e+01
1.814999999999999858e+01
1.819999999999999929e+01
1.847500000000000142e+01
1.858749999999999858e+01
1.868750000000000000e+01
1.842500000000000071e+01
1.822500000000000142e+01
1.812500000000000000e+01
1.818750000000000000e+01
1.817500000000000071e+01
1.805000000000000071e+01
1.816250000000000142e+01
1.813749999999999929e+01
1.758749999999999858e+01
1.769999999999999929e+01
1.723750000000000071e+01
1.700000000000000000e+01
1.683750000000000213e+01
1.657500000000000284e+01
1.640000000000000213e+01
1.621250000000000213e+01
1.660000000000000142e+01
1.646249999999999858e+01
1.658749999999999858e+01
1.661250000000000071e+01
1.670000000000000284e+01
1.676250000000000284e+01
1.640000000000000213e+01
1.652500000000000213e+01
1.601250000000000284e+01
1.628750000000000142e+01
1.627499999999999858e+01
1.593750000000000178e+01
1.602499999999999858e+01
1.607500000000000284e+01
1.636250000000000071e+01
1.695000000000000284e+01
1.690000000000000213e+01
1.710000000000000142e+01
1.723750000000000426e+01
1.718750000000000000e+01
1.698750000000000071e+01
1.677500000000000213e+01
1.657500000000000284e+01
1.683750000000000213e+01
1.705000000000000426e+01
1.668750000000000000e+01
1.731250000000000355e+01
1.730000000000000426e+01
1.788750000000000284e+01
1.746250000000000213e+01
1.742500000000000071e+01
1.762500000000000000e+01
1.775000000000000000e+01
1.775000000000000000e+01
1.789999999999999858e+01
1.773750000000000071e+01
1.770000000000000284e+01
1.737500000000000000e+01
1.717500000000000071e+01
1.725000000000000000e+01
1.750000000000000000e+01
1.797500000000000142e+01
1.802499999999999858e+01
1.798750000000000071e+01
1.818750000000000000e+01
1.826249999999999929e+01
1.776250000000000284e+01
1.773750000000000071e+01
1.780000000000000071e+01
1.816250000000000142e+01
1.837500000000000000e+01
1.863749999999999929e+01
1.852500000000000213e+01
1.851250000000000284e+01
1.832500000000000284e+01
1.796250000000000213e+01
1.820000000000000284e+01
1.833749999999999858e+01
1.848750000000000071e+01
1.866250000000000142e+01
1.847500000000000142e+01
1.796250000000000213e+01
1.770000000000000284e+01
1.763750000000000284e+01
1.692500000000000071e+01
1.680000000000000071e+01
1.691250000000000142e+01
1.701250000000000284e+01
1.666250000000000142e+01
1.658749999999999858e+01
1.639999999999999858e+01
1.613749999999999929e+01
1.587500000000000000e+01
1.583750000000000213e+01
1.601250000000000284e+01
1.653750000000000142e+01
1.646250000000000213e+01
1.631250000000000000e+01
1.658749999999999858e+01
1.696249999999999858e+01
1.731250000000000000e+01
1.752499999999999858e+01
1.792500000000000071e+01
1.793750000000000000e+01
1.836250000000000071e+01
1.889999999999999858e+01
1.864999999999999858e+01
1.866250000000000142e+01
1.910000000000000142e+01
1.932499999999999929e+01
1.946249999999999858e+01
1.946249999999999858e+01
1.933750000000000213e+01
1.928750000000000142e+01
1.906250000000000000e+01
1.885000000000000142e+01
1.910000000000000142e+01
1.907500000000000284e+01
1.891250000000000142e+01
1.864999999999999858e+01
1.817500000000000071e+01
1.805000000000000071e+01
1.800000000000000000e+01
1.814999999999999858e+01
1.830000000000000426e+01
1.808749999999999858e+01
1.839999999999999858e+01
1.845000000000000284e+01
1.792500000000000071e+01
1.753750000000000142e+01
1.726250000000000284e+01
1.740000000000000213e+01
1.805000000000000071e+01
1.798750000000000071e+01
1.800000000000000000e+01
1.763749999999999929e+01
1.742500000000000071e+01
1.745000000000000284e+01
1.773750000000000071e+01
1.770000000000000284e+01
1.803750000000000142e+01
1.783750000000000213e+01
1.755000000000000071e+01
1.740000000000000213e+01
1.737500000000000000e+01
1.738749999999999929e+01
1.736250000000000071e+01
1.691250000000000142e+01
1.676250000000000284e+01
1.682500000000000284e+01
1.706250000000000000e+01
1.695000000000000284e+01
1.668750000000000000e+01
1.675000000000000000e+01
1.656250000000000000e+01
1.707500000000000284e+01
1.722500000000000142e+01
1.737500000000000000e+01
1.661250000000000071e+01
1.650000000000000000e+01
1.585000000000000142e+01
1.636250000000000071e+01
1.671250000000000213e+01
1.658750000000000213e+01
1.611250000000000071e+01
1.582499999999999929e+01
1.576249999999999929e+01
1.586250000000000071e+01
1.638749999999999929e+01
1.603750000000000142e+01
1.617500000000000071e+01
1.621250000000000213e+01
1.640000000000000213e+01
1.686250000000000426e+01
1.732500000000000284e+01
1.742500000000000426e+01
1.701250000000000284e+01
1.666250000000000142e+01
1.737500000000000000e+01
1.761250000000000071e+01
1.788749999999999929e+01
1.791250000000000142e+01
1.777499999999999858e+01
1.767500000000000071e+01
1.766250000000000142e+01
1.805000000000000071e+01
1.807499999999999929e+01
1.825000000000000000e+01
1.780000000000000071e+01
1.830000000000000071e+01
1.810000000000000142e+01
1.841250000000000142e+01
1.820000000000000284e+01
1.786250000000000071e+01
1.740000000000000213e+01
1.710000000000000142e+01
1.743750000000000000e+01
1.746249999999999858e+01
1.733749999999999858e+01
1.733749999999999858e+01
1.747500000000000142e+01
1.681250000000000000e+01
1.681250000000000000e+01
1.718750000000000000e+01
1.718750000000000000e+01
1.717500000000000071e+01
1.706250000000000000e+01
1.725000000000000000e+01
1.761250000000000071e+01
1.742500000000000071e+01
1.760000000000000142e+01
1.727500000000000213e+01
1.713750000000000284e+01
1.730000000000000071e+01
1.761250000000000426e+01
1.741250000000000142e+01
1.668750000000000000e+01
1.683750000000000213e+01
1.658750000000000213e+01
1.651250000000000284e+01
1.656250000000000000e+01
1.703750000000000142e+01
1.696249999999999858e+01
1.628750000000000142e+01
1.651250000000000284e+01
1.657500000000000284e+01
1.662500000000000000e+01
1.655000000000000071e+01
1.637500000000000000e+01
1.676249999999999929e+01
1.681250000000000000e+01
1.655000000000000071e+01
1.648750000000000071e+01
1.627500000000000213e+01
1.653750000000000142e+01
1.648750000000000426e+01
1.706250000000000000e+01
1.752500000000000213e+01
1.745000000000000284e+01
1.716250000000000142e+01
1.732500000000000284e+01
1.717500000000000071e+01
1.739999999999999858e+01
1.767500000000000071e+01
1.787500000000000000e+01
1.788750000000000284e+01
1.791250000000000142e+01
1.807500000000000284e+01
1.806250000000000000e+01
1.801249999999999929e+01
1.786250000000000071e+01
1.828750000000000142e+01
1.889999999999999858e+01
1.864999999999999858e+01
1.812500000000000000e+01
1.845000000000000284e+01
1.873750000000000071e+01
1.807500000000000284e+01
1.840000000000000213e+01
1.840000000000000213e+01
1.818750000000000000e+01
1.811250000000000426e+01
1.789999999999999858e+01
1.851250000000000284e+01
1.798750000000000071e+01
1.753750000000000142e+01
1.756250000000000000e+01
1.751249999999999929e+01
1.746249999999999858e+01
1.723749999999999716e+01
1.730000000000000071e+01
1.730000000000000426e+01
1.647500000000000142e+01
1.630000000000000426e+01
1.658749999999999858e+01
1.678750000000000142e+01
1.660000000000000142e+01
1.727499999999999858e+01
1.676249999999999929e+01
1.726249999999999929e+01
1.694999999999999929e+01
1.662500000000000000e+01
1.622500000000000142e+01
1.552500000000000036e+01
1.613750000000000284e+01
1.621249999999999858e+01
1.635000000000000142e+01
1.627499999999999858e+01
1.605000000000000071e+01
1.585000000000000142e+01
1.557499999999999929e+01
1.560000000000000142e+01
1.602499999999999858e+01
1.645000000000000284e+01
1.676249999999999929e+01
1.636250000000000071e+01
1.642500000000000071e+01
1.603750000000000142e+01
1.620000000000000284e+01
1.587500000000000000e+01
1.647500000000000142e+01
1.721249999999999858e+01
1.737500000000000000e+01
1.748750000000000071e+01
1.712500000000000000e+01
1.726250000000000284e+01
1.738749999999999929e+01
1.758749999999999858e+01
1.795000000000000284e+01
1.812500000000000000e+01
1.845000000000000284e+01
1.803750000000000142e+01
1.811250000000000071e+01
1.797500000000000142e+01
1.732500000000000284e+01
1.746249999999999858e+01
1.743750000000000000e+01
1.760000000000000142e+01
1.792500000000000071e+01
1.780000000000000071e+01
1.771249999999999858e+01
1.726250000000000284e+01
1.771250000000000213e+01
1.777500000000000213e+01
1.752500000000000213e+01
1.765000000000000213e+01
1.770000000000000284e+01
1.721250000000000213e+01
1.744999999999999929e+01
1.741250000000000142e+01
1.717500000000000071e+01
1.717500000000000071e+01
1.732500000000000284e+01
1.735000000000000142e+01
1.777500000000000213e+01
1.803750000000000142e+01
1.762500000000000000e+01
1.742500000000000071e+01
1.727500000000000213e+01
1.781250000000000000e+01
1.758749999999999858e+01
1.762500000000000000e+01
1.767500000000000071e+01
1.805000000000000071e+01
1.832500000000000284e+01
1.832499999999999929e+01
1.813750000000000284e+01
1.821249999999999858e+01
1.796250000000000213e+01
1.813750000000000284e+01
1.802500000000000213e+01
1.811250000000000071e+01
1.801250000000000284e+01
1.810000000000000142e+01
1.771250000000000213e+01
1.756250000000000000e+01
1.773750000000000071e+01
1.780000000000000071e+01
1.777499999999999858e+01
1.740000000000000213e+01
1.764999999999999858e+01
1.801250000000000284e+01
1.788749999999999929e+01
1.763750000000000284e+01
1.760000000000000142e+01
1.758750000000000213e+01
1.751250000000000284e+01
1.712500000000000000e+01
1.678750000000000142e+01
1.675000000000000000e+01
1.691250000000000142e+01
1.712500000000000000e+01
1.680000000000000071e+01
1.714999999999999858e+01
1.767500000000000071e+01
1.757500000000000284e+01
1.743750000000000000e+01
1.736250000000000071e+01
1.743750000000000000e+01
1.752499999999999858e+01
1.767500000000000071e+01
1.736250000000000071e+01
1.743750000000000000e+01
1.718750000000000000e+01
1.769999999999999929e+01
1.787500000000000000e+01
1.787500000000000000e+01
1.832500000000000284e+01
1.860000000000000142e+01
1.863750000000000284e+01
1.852499999999999858e+01
1.864999999999999858e+01
1.896249999999999858e+01
1.887500000000000000e+01
1.851250000000000284e+01
1.798750000000000426e+01
1.787500000000000000e+01
1.781250000000000000e+01
1.807500000000000284e+01
1.755000000000000071e+01
1.711250000000000071e+01
1.703750000000000142e+01
1.685000000000000142e+01
1.726250000000000284e+01
1.712500000000000000e+01
1.633750000000000213e+01
1.662500000000000000e+01
1.657500000000000284e+01
1.656250000000000000e+01
1.653750000000000142e+01
1.656250000000000000e+01
1.657500000000000284e+01
1.664999999999999858e+01
1.621249999999999858e+01
1.593750000000000000e+01
1.623750000000000071e+01
1.620000000000000284e+01
1.653750000000000142e+01
1.633750000000000213e+01
1.677500000000000213e+01
1.710000000000000142e+01
1.712500000000000000e+01
1.703750000000000142e+01
1.660000000000000142e+01
1.632499999999999929e+01
1.677499999999999858e+01
1.673750000000000071e+01
1.697500000000000142e+01
1.696250000000000213e+01
1.647500000000000142e+01
1.633750000000000213e+01
1.590000000000000213e+01
1.612500000000000000e+01
1.611250000000000071e+01
1.605000000000000071e+01
1.647500000000000142e+01
1.667500000000000071e+01
1.647500000000000142e+01
1.612500000000000000e+01
1.625000000000000000e+01
1.589999999999999858e+01
1.623750000000000071e+01
1.610000000000000142e+01
1.632500000000000284e+01
1.630000000000000071e+01
1.661250000000000071e+01
1.643750000000000000e+01
1.596250000000000036e+01
1.583749999999999858e+01
1.642500000000000071e+01
1.678750000000000142e+01
1.688749999999999929e+01
1.644999999999999929e+01
1.646249999999999858e+01
1.678750000000000142e+01
1.687500000000000000e+01
1.665000000000000213e+01
1.668750000000000000e+01
1.703750000000000142e+01
1.695000000000000284e+01
1.726250000000000284e+01
1.715000000000000213e+01
1.717500000000000426e+01
1.715000000000000213e+01
1.718750000000000355e+01
1.655000000000000426e+01
1.640000000000000213e+01
1.656250000000000355e+01
1.693750000000000000e+01
1.680000000000000426e+01
1.666250000000000142e+01
1.671249999999999858e+01
1.686250000000000071e+01
1.692500000000000071e+01
1.738749999999999929e+01
1.730000000000000071e+01
1.761250000000000071e+01
1.760000000000000142e+01
1.766250000000000142e+01
1.797500000000000142e+01
1.795000000000000284e+01
1.758749999999999858e+01
1.762500000000000000e+01
1.768750000000000000e+01
1.777500000000000213e+01
1.780000000000000071e+01
1.775000000000000000e+01
1.803750000000000142e+01
1.768750000000000000e+01
1.758749999999999858e+01
1.775000000000000000e+01
1.778750000000000142e+01
1.802499999999999858e+01
1.823750000000000426e+01
1.740000000000000213e+01
1.707500000000000284e+01
1.666250000000000142e+01
1.632499999999999929e+01
1.575000000000000000e+01
1.521250000000000036e+01
1.476249999999999929e+01
1.494999999999999929e+01
1.530000000000000071e+01
1.516250000000000142e+01
1.518750000000000000e+01
1.536250000000000071e+01
1.551250000000000107e+01
1.573750000000000071e+01
1.591249999999999964e+01
1.582499999999999929e+01
1.562500000000000000e+01
1.580000000000000071e+01
1.565000000000000213e+01
1.555000000000000249e+01
1.621250000000000213e+01
1.605000000000000426e+01
1.681250000000000000e+01
1.682500000000000284e+01
1.720000000000000284e+01
1.721249999999999858e+01
1.726250000000000284e+01
1.739999999999999858e+01
1.742500000000000426e+01
1.728750000000000142e+01
1.737500000000000000e+01
1.770000000000000284e+01
1.789999999999999858e+01
1.692500000000000071e+01
1.698750000000000071e+01
1.692500000000000071e+01
1.712500000000000000e+01
1.676250000000000284e+01
1.670000000000000284e+01
1.648750000000000071e+01
1.581250000000000000e+01
1.568750000000000178e+01
1.518750000000000000e+01
1.521250000000000036e+01
1.503749999999999964e+01
1.528749999999999964e+01
1.542500000000000071e+01
1.543750000000000000e+01
1.497500000000000142e+01
1.546250000000000036e+01
1.522499999999999964e+01
1.531250000000000000e+01
1.517500000000000071e+01
1.567500000000000071e+01
1.573749999999999893e+01
1.552500000000000036e+01
1.571250000000000036e+01
1.613749999999999929e+01
1.585000000000000142e+01
1.583750000000000036e+01
1.642500000000000071e+01
1.677499999999999858e+01
1.673750000000000071e+01
1.722500000000000142e+01
1.722500000000000142e+01
1.741250000000000142e+01
1.751249999999999929e+01
1.701249999999999929e+01
1.763750000000000284e+01
1.735000000000000142e+01
1.753750000000000142e+01
1.740000000000000213e+01
1.696249999999999858e+01
1.706250000000000000e+01
1.664999999999999858e+01
1.702499999999999858e+01
1.677499999999999858e+01
1.657500000000000284e+01
1.661250000000000071e+01
1.691250000000000142e+01
1.691250000000000142e+01
1.705000000000000071e+01
1.711250000000000071e+01
1.693750000000000000e+01
1.717500000000000071e+01
1.723750000000000071e+01
1.718750000000000000e+01
1.728750000000000142e+01
1.691250000000000142e+01
1.696250000000000213e+01
1.652500000000000213e+01
1.653750000000000142e+01
1.673750000000000071e+01
1.711250000000000071e+01
1.712500000000000000e+01
1.716250000000000142e+01
1.706250000000000000e+01
1.696250000000000213e+01
1.730000000000000071e+01
1.711250000000000071e+01
1.707500000000000284e+01
1.673750000000000071e+01
1.671250000000000213e+01
1.661250000000000071e+01
1.623750000000000071e+01
1.571250000000000213e+01
1.590000000000000213e+01
1.612500000000000000e+01
1.641250000000000142e+01
1.641250000000000142e+01
1.660000000000000142e+01
1.668750000000000000e+01
1.663750000000000284e+01
1.585000000000000142e+01
1.595000000000000107e+01
1.582500000000000107e+01
1.558750000000000213e+01
1.568750000000000000e+01
1.565000000000000213e+01
1.578750000000000142e+01
1.522500000000000142e+01
1.541250000000000142e+01
1.560000000000000142e+01
1.553750000000000142e+01
1.593750000000000178e+01
1.627500000000000213e+01
1.588750000000000107e+01
1.612500000000000000e+01
1.573750000000000071e+01
1.592500000000000071e+01
1.603750000000000142e+01
1.591250000000000142e+01
1.576250000000000107e+01
1.614999999999999858e+01
1.639999999999999858e+01
1.612500000000000000e+01
1.622500000000000142e+01
1.608750000000000213e+01
1.572500000000000142e+01
1.568750000000000000e+01
1.608750000000000213e+01
1.600000000000000000e+01
1.598750000000000071e+01
1.605000000000000071e+01
1.602500000000000213e+01
1.612500000000000000e+01
1.646250000000000213e+01
1.584999999999999964e+01
1.606250000000000000e+01
1.565000000000000036e+01
1.582499999999999929e+01
1.573750000000000071e+01
1.612500000000000000e+01
1.636250000000000071e+01
1.600000000000000000e+01
1.653750000000000142e+01
1.650000000000000000e+01
1.666250000000000142e+01
1.678750000000000142e+01
1.686250000000000071e+01
1.707500000000000284e+01
1.752499999999999858e+01
1.743750000000000000e+01
1.754999999999999716e+01
1.701249999999999929e+01
1.663749999999999929e+01
1.666250000000000142e+01
1.730000000000000071e+01
1.721249999999999858e+01
1.725000000000000000e+01
1.736250000000000071e+01
1.736250000000000071e+01
1.736250000000000071e+01
1.752500000000000213e+01
1.775000000000000000e+01
1.777500000000000213e+01
1.803750000000000142e+01
1.781250000000000000e+01
1.783750000000000213e+01
1.768750000000000000e+01
1.766250000000000142e+01
1.738750000000000284e+01
1.726250000000000284e+01
1.693750000000000355e+01
1.773750000000000426e+01
1.757500000000000284e+01
1.760000000000000142e+01
1.712500000000000000e+01
1.667500000000000426e+01
1.673750000000000071e+01
1.615000000000000213e+01
1.577500000000000036e+01
1.580000000000000071e+01
1.575000000000000178e+01
1.578750000000000142e+01
1.572500000000000142e+01
1.552500000000000036e+01
1.568750000000000178e+01
1.616250000000000142e+01
1.622500000000000142e+01
1.650000000000000000e+01
1.646250000000000213e+01
1.631250000000000000e+01
1.670000000000000284e+01
1.669999999999999929e+01
1.682500000000000284e+01
1.666250000000000142e+01
1.700000000000000000e+01
1.741250000000000142e+01
1.757500000000000284e+01
1.791250000000000142e+01
1.807500000000000284e+01
1.765000000000000213e+01
1.705000000000000426e+01
1.693750000000000000e+01
1.646249999999999858e+01
1.671249999999999858e+01
1.648750000000000071e+01
1.593750000000000000e+01
1.602500000000000213e+01
1.542500000000000249e+01
1.522500000000000142e+01
1.550000000000000178e+01
1.523750000000000071e+01
1.469999999999999929e+01
1.472499999999999964e+01
1.473750000000000071e+01
1.457499999999999929e+01
1.447499999999999964e+01
1.480000000000000071e+01
1.441250000000000142e+01
1.460000000000000142e+01
1.495000000000000107e+01
1.520000000000000107e+01
1.523750000000000071e+01
1.593750000000000000e+01
1.565000000000000036e+01
1.571250000000000036e+01
1.617500000000000071e+01
1.611250000000000426e+01
1.628750000000000142e+01
1.663750000000000284e+01
1.650000000000000000e+01
1.701249999999999929e+01
1.728750000000000142e+01
1.786250000000000071e+01
1.812500000000000000e+01
1.793750000000000000e+01
1.822500000000000142e+01
1.803750000000000142e+01
1.837500000000000000e+01
1.837500000000000000e+01
1.861250000000000071e+01
1.856250000000000000e+01
1.864999999999999858e+01
1.835000000000000142e+01
1.844999999999999929e+01
1.850000000000000000e+01
1.806250000000000000e+01
1.780000000000000071e+01
1.800000000000000000e+01
1.765000000000000213e+01
1.780000000000000071e+01
1.721250000000000213e+01
1.722500000000000142e+01
1.683750000000000213e+01
1.660000000000000142e+01
1.655000000000000071e+01
1.640000000000000213e+01
1.618750000000000000e+01
1.596250000000000213e+01
1.628750000000000142e+01
1.617500000000000071e+01
1.616250000000000142e+01
1.601249999999999929e+01
1.607499999999999929e+01
1.582499999999999929e+01
1.614999999999999858e+01
1.626249999999999929e+01
1.629999999999999716e+01
1.582499999999999929e+01
1.613750000000000284e+01
1.589999999999999858e+01
1.648750000000000071e+01
1.650000000000000000e+01
1.663749999999999929e+01
1.605000000000000071e+01
1.675000000000000000e+01
1.710000000000000142e+01
1.713749999999999929e+01
1.703750000000000142e+01
1.662500000000000000e+01
1.621249999999999858e+01
1.635000000000000142e+01
1.605000000000000071e+01
1.538750000000000107e+01
1.572499999999999964e+01
1.557500000000000107e+01
1.559999999999999964e+01
1.593750000000000178e+01
1.593750000000000178e+01
1.588750000000000107e+01
1.637500000000000000e+01
1.553750000000000142e+01
1.551249999999999929e+01
1.548750000000000071e+01
1.619999999999999929e+01
1.583749999999999858e+01
1.521250000000000213e+01
1.526249999999999929e+01
1.525000000000000000e+01
1.536250000000000071e+01
1.566249999999999964e+01
1.577500000000000036e+01
1.623749999999999716e+01
1.689999999999999858e+01
1.706250000000000000e+01
1.695000000000000284e+01
1.680000000000000071e+01
1.638750000000000284e+01
1.633749999999999858e+01
1.648750000000000071e+01
1.636250000000000071e+01
1.719999999999999929e+01
1.718750000000000000e+01
1.682499999999999929e+01
1.681250000000000000e+01
1.681250000000000000e+01
1.721249999999999858e+01
1.726249999999999929e+01
1.767500000000000071e+01
1.738749999999999929e+01
1.720000000000000284e+01
1.696249999999999858e+01
1.652499999999999858e+01
1.623750000000000071e+01
1.587500000000000000e+01
1.582500000000000107e+01
1.607499999999999929e+01
1.647500000000000142e+01
1.711250000000000071e+01
1.720000000000000284e+01
1.728750000000000142e+01
1.693750000000000355e+01
1.685000000000000142e+01
1.697500000000000142e+01
1.692500000000000426e+01
1.681250000000000000e+01
1.675000000000000000e+01
1.638750000000000284e+01
1.637500000000000000e+01
1.682500000000000284e+01
1.691250000000000142e+01
1.716250000000000142e+01
1.741250000000000142e+01
1.732500000000000284e+01
1.764999999999999858e+01
1.781250000000000000e+01
1.769999999999999929e+01
1.745000000000000284e+01
1.730000000000000071e+01
1.712500000000000000e+01
1.685000000000000142e+01
1.682500000000000284e+01
1.718750000000000000e+01
1.687500000000000000e+01
1.658750000000000213e+01
1.660000000000000142e+01
1.630000000000000426e+01
1.652499999999999858e+01
1.617500000000000426e+01
1.607500000000000284e+01
1.640000000000000213e+01
1.642500000000000426e+01
1.647500000000000142e+01
1.626250000000000284e+01
1.626250000000000284e+01
1.596250000000000213e+01
1.577500000000000213e+01
1.573750000000000249e+01
1.586250000000000071e+01
1.585000000000000142e+01
1.587500000000000178e+01
1.613750000000000284e+01
1.607500000000000284e+01
1.615000000000000213e+01
1.633749999999999858e+01
1.662500000000000000e+01
1.708749999999999858e+01
1.687500000000000000e+01
1.719999999999999929e+01
1.727499999999999858e+01
1.691250000000000142e+01
1.688750000000000284e+01
1.722500000000000142e+01
1.752499999999999858e+01
1.742500000000000071e+01
1.778750000000000142e+01
1.805000000000000071e+01
1.818750000000000000e+01
1.811250000000000071e+01
1.821249999999999858e+01
1.868750000000000000e+01
1.837500000000000000e+01
1.805000000000000071e+01
1.842500000000000071e+01
1.802500000000000213e+01
1.795000000000000284e+01
1.772500000000000142e+01
1.790000000000000213e+01
1.766250000000000142e+01
1.766250000000000142e+01
1.766250000000000142e+01
1.742500000000000071e+01
1.720000000000000284e+01
1.717500000000000071e+01
1.670000000000000284e+01
1.640000000000000213e+01
1.621249999999999858e+01
1.647500000000000142e+01
1.617500000000000071e+01
1.617500000000000071e+01
1.586250000000000071e+01
1.542500000000000071e+01
1.566250000000000142e+01
1.551250000000000107e+01
1.563749999999999929e+01
1.553750000000000142e+01
1.520000000000000107e+01
1.522500000000000142e+01
1.530000000000000071e+01
1.494999999999999929e+01
1.476249999999999929e+01
1.492500000000000071e+01
1.475000000000000000e+01
1.458750000000000213e+01
1.502500000000000213e+01
1.545000000000000107e+01
1.572499999999999964e+01
1.557500000000000107e+01
1.542500000000000071e+01
1.490000000000000213e+01
1.476250000000000284e+01
1.518750000000000000e+01
1.496250000000000213e+01
1.495000000000000107e+01
1.513750000000000107e+01
1.507500000000000107e+01
1.550000000000000178e+01
1.555000000000000071e+01
1.567500000000000249e+01
1.601250000000000284e+01
1.615000000000000213e+01
1.620000000000000284e+01
1.631250000000000000e+01
1.611250000000000071e+01
1.607499999999999929e+01
1.546250000000000036e+01
1.526249999999999929e+01
1.542500000000000071e+01
1.561250000000000071e+01
1.586250000000000071e+01
1.606250000000000000e+01
1.582500000000000107e+01
1.598750000000000071e+01
1.596250000000000213e+01
1.595000000000000107e+01
1.596250000000000213e+01
1.607500000000000284e+01
1.651250000000000284e+01
1.664999999999999858e+01
1.680000000000000071e+01
1.696249999999999858e+01
1.632500000000000284e+01
1.623750000000000071e+01
1.692500000000000071e+01
1.720000000000000284e+01
1.742500000000000071e+01
1.773750000000000071e+01
1.725000000000000000e+01
1.747500000000000142e+01
1.748750000000000071e+01
1.715000000000000213e+01
1.717500000000000071e+01
1.688750000000000284e+01
1.673750000000000426e+01
1.666250000000000142e+01
1.680000000000000071e+01
1.647500000000000142e+01
1.608749999999999858e+01
1.610000000000000142e+01
1.566250000000000142e+01
1.555000000000000071e+01
1.601249999999999929e+01
1.604999999999999716e+01
1.571249999999999858e+01
1.561250000000000071e+01
1.581250000000000000e+01
1.532500000000000107e+01
1.547500000000000142e+01
1.532499999999999929e+01
1.502500000000000213e+01
1.507499999999999929e+01
1.532500000000000107e+01
1.535000000000000142e+01
1.580000000000000071e+01
1.598750000000000071e+01
1.541250000000000142e+01
1.553750000000000142e+01
1.532500000000000107e+01
1.490000000000000213e+01
1.498750000000000071e+01
1.527500000000000036e+01
1.536250000000000071e+01
1.551249999999999929e+01
1.577500000000000036e+01
1.558750000000000213e+01
1.517500000000000071e+01
1.525000000000000000e+01
1.508750000000000213e+01
1.520000000000000107e+01
1.576250000000000284e+01
1.630000000000000426e+01
1.592500000000000249e+01
1.628750000000000142e+01
1.635000000000000142e+01
1.598750000000000071e+01
1.614999999999999858e+01
1.590000000000000213e+01
1.611250000000000071e+01
1.608750000000000213e+01
1.618750000000000000e+01
1.595000000000000107e+01
1.602500000000000213e+01
1.611250000000000071e+01
1.630000000000000071e+01
1.637500000000000000e+01
1.685000000000000142e+01
1.692500000000000071e+01
1.705000000000000071e+01
1.692500000000000071e+01
1.636250000000000071e+01
1.568750000000000000e+01
1.601249999999999929e+01
1.583750000000000036e+01
1.561250000000000071e+01
1.616250000000000142e+01
1.640000000000000213e+01
1.633750000000000213e+01
1.630000000000000071e+01
1.651250000000000284e+01
1.639999999999999858e+01
1.666250000000000142e+01
1.670000000000000284e+01
1.625000000000000000e+01
1.611250000000000071e+01
1.571250000000000036e+01
1.544999999999999929e+01
1.528749999999999964e+01
1.503750000000000142e+01
1.503749999999999964e+01
1.556250000000000000e+01
1.590000000000000036e+01
1.590000000000000036e+01
1.608749999999999858e+01
1.598750000000000071e+01
1.581250000000000000e+01
1.562500000000000000e+01
1.608749999999999858e+01
1.651249999999999929e+01
1.626249999999999929e+01
1.641250000000000142e+01
1.621249999999999858e+01
1.583750000000000036e+01
1.601249999999999929e+01
1.600000000000000000e+01
1.600000000000000000e+01
1.614999999999999858e+01
1.641250000000000142e+01
1.657500000000000284e+01
1.633750000000000213e+01
1.631250000000000000e+01
1.633750000000000213e+01
1.633749999999999858e+01
1.622500000000000142e+01
1.612500000000000000e+01
1.635000000000000142e+01
1.691250000000000142e+01
1.650000000000000000e+01
1.602499999999999858e+01
1.606250000000000000e+01
1.590000000000000036e+01
1.569999999999999929e+01
1.625000000000000000e+01
1.636250000000000071e+01
1.612500000000000000e+01
1.644999999999999929e+01
1.625000000000000000e+01
1.647500000000000142e+01
1.642499999999999716e+01
1.696249999999999858e+01
1.656250000000000000e+01
1.671250000000000213e+01
1.697500000000000142e+01
1.670000000000000284e+01
1.685000000000000142e+01
1.660000000000000142e+01
1.630000000000000071e+01
1.638749999999999929e+01
1.639999999999999858e+01
1.662500000000000000e+01
1.685000000000000142e+01
1.701250000000000284e+01
1.663750000000000284e+01
1.683750000000000213e+01
1.691250000000000142e+01
1.658750000000000213e+01
1.657500000000000284e+01
1.671249999999999858e+01
1.666250000000000142e+01
1.656250000000000000e+01
1.698750000000000071e+01
1.675000000000000000e+01
1.668750000000000000e+01
1.683749999999999858e+01
1.681250000000000000e+01
1.656250000000000000e+01
1.667500000000000071e+01
1.686250000000000071e+01
1.657500000000000284e+01
1.686250000000000426e+01
1.683750000000000213e+01
1.698750000000000426e+01
1.703750000000000142e+01
1.681250000000000000e+01
1.678750000000000142e+01
1.743750000000000000e+01
1.737500000000000000e+01
1.717500000000000071e+01
1.741250000000000142e+01
1.702500000000000213e+01
1.660000000000000142e+01
1.662500000000000000e+01
1.651250000000000284e+01
1.641250000000000142e+01
1.617500000000000071e+01
1.632500000000000284e+01
1.632499999999999929e+01
1.605000000000000071e+01
1.657499999999999929e+01
1.612500000000000000e+01
1.588749999999999929e+01
1.573750000000000071e+01
1.598750000000000071e+01
1.597500000000000142e+01
1.611250000000000426e+01
1.543750000000000178e+01
1.575000000000000178e+01
1.558750000000000036e+01
1.553750000000000142e+01
1.580000000000000071e+01
1.556250000000000178e+01
1.567500000000000249e+01
1.533750000000000213e+01
1.555000000000000071e+01
1.608750000000000213e+01
1.627500000000000213e+01
1.618750000000000000e+01
1.636250000000000071e+01
1.621250000000000213e+01
1.653750000000000142e+01
1.663750000000000284e+01
1.658750000000000213e+01
1.603750000000000142e+01
1.622500000000000142e+01
1.578750000000000142e+01
1.615000000000000213e+01
1.611250000000000426e+01
1.591250000000000142e+01
1.580000000000000071e+01
1.555000000000000071e+01
1.637500000000000000e+01
1.650000000000000000e+01
1.671249999999999858e+01
1.657499999999999929e+01
1.587500000000000000e+01
1.553749999999999964e+01
1.553749999999999964e+01
