-1.904213392857142750e+01
-1.904213392857142750e+01
-1.904213392857142750e+01
-1.904213392857142750e+01
-1.904213392857142750e+01
-1.904213392857142750e+01
-1.904213392857142750e+01
-1.904213392857142750e+01
-1.904213392857142750e+01
-1.904213392857142750e+01
-1.904213392857142750e+01
-1.904213392857142750e+01
-1.904213392857142750e+01
-1.904213392857142750e+01
-1.904213392857142750e+01
-1.904213392857142750e+01
-1.904213392857142750e+01
-1.904213392857142750e+01
-1.904213392857142750e+01
-1.904213392857142750e+01
-1.904213392857142750e+01
-1.904213392857142750e+01
-1.904213392857142750e+01
-1.904213392857142750e+01
-1.904213392857142750e+01
-1.904213392857142750e+01
-1.904213392857142750e+01
-1.904213392857142750e+01
-1.904213392857142750e+01
-1.904213392857142750e+01
-1.904213392857142750e+01
-1.904213392857142750e+01
-1.904213392857142750e+01
-1.904213392857142750e+01
-1.904213392857142750e+01
-1.904213392857142750e+01
-1.904213392857142750e+01
-1.904213392857142750e+01
-1.904213392857142750e+01
-1.904213392857142750e+01
-1.904213392857142750e+01
-1.904213392857142750e+01
-1.904213392857142750e+01
-1.904213392857142750e+01
-1.904213392857142750e+01
-1.904213392857142750e+01
-1.904213392857142750e+01
-1.904213392857142750e+01
-1.904213392857142750e+01
-1.904213392857142750e+01
-1.904213392857142750e+01
-1.904213392857142750e+01
-1.904213392857142750e+01
-1.904213392857142750e+01
-1.904213392857142750e+01
-1.904213392857142750e+01
-1.904213392857142750e+01
-1.904213392857142750e+01
-1.904213392857142750e+01
-1.904213392857142750e+01
-1.904213392857142750e+01
-1.904213392857142750e+01
-1.904213392857142750e+01
