-1.512026785714285460e+01
-1.512026785714285460e+01
-1.512026785714285460e+01
-1.512026785714285460e+01
-1.512026785714285460e+01
-1.512026785714285460e+01
-1.512026785714285460e+01
-1.512026785714285460e+01
-1.512026785714285460e+01
-1.512026785714285460e+01
-1.512026785714285460e+01
-1.512026785714285460e+01
-1.512026785714285460e+01
-1.512026785714285460e+01
-1.512026785714285460e+01
-1.512026785714285460e+01
-1.512026785714285460e+01
-1.512026785714285460e+01
-1.512026785714285460e+01
-1.512026785714285460e+01
-1.512026785714285460e+01
-1.512026785714285460e+01
-1.512026785714285460e+01
-1.512026785714285460e+01
-1.512026785714285460e+01
-1.512026785714285460e+01
-1.512026785714285460e+01
-1.512026785714285460e+01
-1.512026785714285460e+01
-1.512026785714285460e+01
-1.512026785714285460e+01
-1.512026785714285460e+01
-1.512026785714285460e+01
-1.512026785714285460e+01
-1.512026785714285460e+01
-1.512026785714285460e+01
-1.512026785714285460e+01
-1.512026785714285460e+01
-1.512026785714285460e+01
-1.512026785714285460e+01
-1.512026785714285460e+01
-1.512026785714285460e+01
-1.512026785714285460e+01
-1.512026785714285460e+01
-1.512026785714285460e+01
-1.512026785714285460e+01
-1.512026785714285460e+01
-1.512026785714285460e+01
-1.512026785714285460e+01
-1.512026785714285460e+01
-1.512026785714285460e+01
-1.512026785714285460e+01
-1.512026785714285460e+01
-1.512026785714285460e+01
-1.512026785714285460e+01
-1.512026785714285460e+01
-1.512026785714285460e+01
-1.512026785714285460e+01
-1.512026785714285460e+01
-1.512026785714285460e+01
-1.512026785714285460e+01
-1.512026785714285460e+01
-1.512026785714285460e+01
