-1.679393303571428220e+01
-1.679393303571428220e+01
-1.679393303571428220e+01
-1.679393303571428220e+01
-1.679393303571428220e+01
-1.679393303571428220e+01
-1.679393303571428220e+01
-1.679393303571428220e+01
-1.679393303571428220e+01
-1.679393303571428220e+01
-1.679393303571428220e+01
-1.679393303571428220e+01
-1.679393303571428220e+01
-1.679393303571428220e+01
-1.679393303571428220e+01
-1.679393303571428220e+01
-1.679393303571428220e+01
-1.679393303571428220e+01
-1.679393303571428220e+01
-1.679393303571428220e+01
-1.679393303571428220e+01
-1.679393303571428220e+01
-1.679393303571428220e+01
-1.679393303571428220e+01
-1.679393303571428220e+01
-1.679393303571428220e+01
-1.679393303571428220e+01
-1.679393303571428220e+01
-1.679393303571428220e+01
-1.679393303571428220e+01
-1.679393303571428220e+01
-1.679393303571428220e+01
-1.679393303571428220e+01
-1.679393303571428220e+01
-1.679393303571428220e+01
-1.679393303571428220e+01
-1.679393303571428220e+01
-1.679393303571428220e+01
-1.679393303571428220e+01
-1.679393303571428220e+01
-1.679393303571428220e+01
-1.679393303571428220e+01
-1.679393303571428220e+01
-1.679393303571428220e+01
-1.679393303571428220e+01
-1.679393303571428220e+01
-1.679393303571428220e+01
-1.679393303571428220e+01
-1.679393303571428220e+01
-1.679393303571428220e+01
-1.679393303571428220e+01
-1.679393303571428220e+01
-1.679393303571428220e+01
-1.679393303571428220e+01
-1.679393303571428220e+01
-1.679393303571428220e+01
-1.679393303571428220e+01
-1.679393303571428220e+01
-1.679393303571428220e+01
-1.679393303571428220e+01
-1.679393303571428220e+01
-1.679393303571428220e+01
-1.679393303571428220e+01
