-1.584791964285714094e+01
-1.584791964285714094e+01
-1.584791964285714094e+01
-1.584791964285714094e+01
-1.584791964285714094e+01
-1.584791964285714094e+01
-1.584791964285714094e+01
-1.584791964285714094e+01
-1.584791964285714094e+01
-1.584791964285714094e+01
-1.584791964285714094e+01
-1.584791964285714094e+01
-1.584791964285714094e+01
-1.584791964285714094e+01
-1.584791964285714094e+01
-1.584791964285714094e+01
-1.584791964285714094e+01
-1.584791964285714094e+01
-1.584791964285714094e+01
-1.584791964285714094e+01
-1.584791964285714094e+01
-1.584791964285714094e+01
-1.584791964285714094e+01
-1.584791964285714094e+01
-1.584791964285714094e+01
-1.584791964285714094e+01
-1.584791964285714094e+01
-1.584791964285714094e+01
-1.584791964285714094e+01
-1.584791964285714094e+01
-1.584791964285714094e+01
-1.584791964285714094e+01
-1.584791964285714094e+01
-1.584791964285714094e+01
-1.584791964285714094e+01
-1.584791964285714094e+01
-1.584791964285714094e+01
-1.584791964285714094e+01
-1.584791964285714094e+01
-1.584791964285714094e+01
-1.584791964285714094e+01
-1.584791964285714094e+01
-1.584791964285714094e+01
-1.584791964285714094e+01
-1.584791964285714094e+01
-1.584791964285714094e+01
-1.584791964285714094e+01
-1.584791964285714094e+01
-1.584791964285714094e+01
-1.584791964285714094e+01
-1.584791964285714094e+01
-1.584791964285714094e+01
-1.584791964285714094e+01
-1.584791964285714094e+01
-1.584791964285714094e+01
-1.584791964285714094e+01
-1.584791964285714094e+01
-1.584791964285714094e+01
-1.584791964285714094e+01
-1.584791964285714094e+01
-1.584791964285714094e+01
-1.584791964285714094e+01
-1.584791964285714094e+01
