2.500000000000000000e+01
1.950000000000000000e+01
2.500000000000000000e+01
2.500000000000000000e+01
1.950000000000000000e+01
1.400000000000000000e+01
1.550000000000000000e+01
2.000000000000000000e+01
2.350000000000000000e+01
2.500000000000000000e+01
2.100000000000000000e+01
2.200000000000000000e+01
2.500000000000000000e+01
1.825000000000000000e+01
1.925000000000000000e+01
2.075000000000000000e+01
1.350000000000000000e+01
1.450000000000000000e+01
2.325000000000000000e+01
1.925000000000000000e+01
1.875000000000000000e+01
1.175000000000000000e+01
1.925000000000000000e+01
2.075000000000000000e+01
1.825000000000000000e+01
