3.415178571428570820e+01
3.415178571428570820e+01
3.415178571428570820e+01
3.415178571428570820e+01
3.415178571428570820e+01
3.415178571428570820e+01
3.415178571428570820e+01
3.415178571428570820e+01
3.415178571428570820e+01
3.415178571428570820e+01
3.415178571428570820e+01
3.415178571428570820e+01
3.415178571428570820e+01
3.415178571428570820e+01
3.415178571428570820e+01
3.415178571428570820e+01
3.415178571428570820e+01
3.415178571428570820e+01
3.415178571428570820e+01
3.415178571428570820e+01
3.415178571428570820e+01
3.415178571428570820e+01
3.415178571428570820e+01
3.415178571428570820e+01
3.415178571428570820e+01
3.415178571428570820e+01
3.415178571428570820e+01
3.415178571428570820e+01
3.415178571428570820e+01
3.415178571428570820e+01
3.415178571428570820e+01
3.415178571428570820e+01
3.415178571428570820e+01
3.415178571428570820e+01
3.415178571428570820e+01
3.415178571428570820e+01
3.415178571428570820e+01
3.415178571428570820e+01
3.415178571428570820e+01
3.415178571428570820e+01
3.415178571428570820e+01
3.415178571428570820e+01
3.415178571428570820e+01
3.415178571428570820e+01
3.415178571428570820e+01
3.415178571428570820e+01
3.415178571428570820e+01
3.415178571428570820e+01
3.415178571428570820e+01
3.415178571428570820e+01
3.415178571428570820e+01
3.415178571428570820e+01
3.415178571428570820e+01
3.415178571428570820e+01
3.415178571428570820e+01
3.415178571428570820e+01
3.415178571428570820e+01
3.415178571428570820e+01
3.415178571428570820e+01
3.415178571428570820e+01
3.415178571428570820e+01
3.415178571428570820e+01
3.415178571428570820e+01
