-8.131999999999999673e+00
-1.297200000000000131e+01
-9.315999999999998948e+00
-1.071600000000000108e+01
-1.313200000000000145e+01
-1.142800000000000082e+01
-7.068000000000001393e+00
-6.388000000000000789e+00
-1.214799999999999969e+01
-1.330800000000000161e+01
-1.201200000000000045e+01
-1.330800000000000161e+01
-1.201200000000000045e+01
-9.692000000000001947e+00
-9.451999999999999957e+00
-4.484000000000000874e+00
-5.660000000000000142e+00
-4.212000000000000632e+00
-1.255600000000000094e+01
-1.025199999999999889e+01
-3.340000000000002078e+00
-3.788000000000001588e+00
-6.452000000000000846e+00
-1.108399999999999963e+01
-1.106799999999999962e+01
-8.964000000000002188e+00
-2.564000000000000945e+00
-6.275999999999998913e+00
-1.272400000000000198e+01
-3.796000000000002039e+00
-6.771999999999999353e+00
-5.916000000000000369e+00
-6.004000000000000448e+00
-1.272400000000000198e+01
-2.820000000000001172e+00
-8.371999999999998110e+00
-6.003999999999999559e+00
-6.979999999999998650e+00
-1.255600000000000094e+01
-5.604000000000000092e+00
-8.371999999999999886e+00
-1.118799999999999883e+01
-9.828000000000001180e+00
-1.272400000000000198e+01
-7.451999999999999957e+00
-2.400000000000013234e-02
-1.272400000000000198e+01
-5.427999999999999048e+00
-1.240399999999999991e+01
-9.892000000000001236e+00
-4.760000000000004228e-01
-5.244000000000000661e+00
-8.516000000000001791e+00
-1.272400000000000198e+01
-9.396000000000004349e+00
-9.444000000000000838e+00
-4.324000000000000732e+00
-9.172000000000000597e+00
-1.272400000000000198e+01
-2.876000000000001666e+00
8.760000000000000009e-01
-4.564000000000000945e+00
-7.467999999999999972e+00
-1.240399999999999991e+01
-1.021999999999999709e+01
-1.157999999999999829e+01
-9.820000000000000284e+00
-9.756000000000000227e+00
-1.272400000000000198e+01
-1.117200000000000415e+01
4.319999999999999396e-01
-1.142800000000000082e+01
-1.157999999999999829e+01
-1.272400000000000198e+01
-9.948000000000000398e+00
-1.142800000000000082e+01
-1.142800000000000082e+01
-9.828000000000001180e+00
-1.255600000000000094e+01
-5.587999999999998302e+00
-1.157999999999999829e+01
-1.987999999999999989e+00
-9.683999999999999275e+00
-7.452000000000001734e+00
-8.339999999999999858e+00
-1.904000000000000359e+00
-1.046799999999999997e+01
-9.108000000000000540e+00
-8.795999999999999375e+00
-7.108000000000001428e+00
-4.760000000000004228e-01
-8.388000000000001677e+00
-8.972000000000001307e+00
-1.255600000000000094e+01
-1.214799999999999969e+01
8.760000000000000009e-01
-1.272400000000000198e+01
-9.804000000000000270e+00
-5.148000000000001464e+00
-4.028000000000000469e+00
