-1.330800000000000161e+01
-1.390000000000000213e+01
-1.330800000000000161e+01
-1.330800000000000161e+01
9.959999999999999964e-01
-1.330800000000000161e+01
-1.768000000000000238e+00
-1.297200000000000131e+01
-1.330800000000000161e+01
-2.880000000000002558e-01
-1.330800000000000161e+01
-1.860000000000000320e+00
1.599999999999999201e-01
-9.403999999999999915e+00
-1.330800000000000161e+01
-1.065200000000000102e+01
-8.800000000000003375e-01
-9.163999999999999702e+00
-6.396000000000000796e+00
1.519999999999999130e-01
-1.055599999999999916e+01
9.359999999999999432e-01
-1.330800000000000161e+01
-1.092399999999999771e+01
1.519999999999999130e-01
-1.022000000000000064e+01
1.119999999999998774e-01
-1.066000000000000014e+01
-1.047600000000000087e+01
9.599999999999999645e-01
-1.053999999999999915e+01
9.359999999999999432e-01
-1.158799999999999919e+01
-4.708000000000000185e+00
9.599999999999999645e-01
-3.788000000000001588e+00
9.359999999999999432e-01
-9.955999999999999517e+00
-1.255600000000000094e+01
9.599999999999999645e-01
-5.076000000000000512e+00
-1.142800000000000082e+01
-8.115999999999999659e+00
-8.004000000000001336e+00
9.959999999999999964e-01
-6.020000000000000462e+00
4.999999999999998890e-01
-1.240399999999999991e+01
-4.843999999999999417e+00
9.959999999999999964e-01
-1.065200000000000102e+01
5.519999999999999352e-01
-7.404000000000000803e+00
-7.412000000000002586e+00
1.519999999999999130e-01
-1.103599999999999959e+01
9.359999999999999432e-01
-9.467999999999998195e+00
-6.292000000000000703e+00
9.599999999999999645e-01
-5.956000000000001293e+00
9.359999999999999432e-01
-1.000400000000000134e+01
-3.612000000000000099e+00
9.959999999999999964e-01
-7.403999999999999915e+00
-1.112000000000000544e+00
-1.330800000000000161e+01
-6.372000000000001663e+00
5.279999999999999138e-01
-1.102799999999999869e+01
9.359999999999999432e-01
-1.174799999999999933e+01
-7.684000000000001940e+00
9.959999999999999964e-01
-9.619999999999999218e+00
9.359999999999999432e-01
-9.027999999999998693e+00
-7.075999999999999623e+00
1.519999999999999130e-01
-1.089999999999999858e+01
-2.492000000000000437e+00
-7.108000000000000540e+00
-7.372000000000000774e+00
9.959999999999999964e-01
-1.051600000000000001e+01
5.199999999999982414e-02
-8.836000000000000298e+00
-3.164000000000001478e+00
9.959999999999999964e-01
-1.065200000000000102e+01
9.359999999999999432e-01
6.679999999999999272e-01
-1.077999999999999936e+01
-7.400000000000002132e-01
-1.330800000000000161e+01
1.119999999999998774e-01
6.679999999999999272e-01
-1.330800000000000161e+01
1.519999999999999130e-01
