-1.226800000000000068e+01
-1.172400000000000375e+01
-1.272400000000000198e+01
-1.272400000000000198e+01
-1.390000000000000213e+01
-1.195600000000000129e+01
-1.191600000000000037e+01
-1.272400000000000198e+01
-1.157999999999999829e+01
-1.214799999999999969e+01
-1.146799999999999997e+01
-9.403999999999998138e+00
-1.159599999999999831e+01
-1.390000000000000213e+01
-1.198799999999999955e+01
9.799999999999999822e-01
-9.756000000000000227e+00
-8.756000000000003780e+00
-1.272400000000000198e+01
-1.214799999999999969e+01
9.359999999999999432e-01
-9.275999999999999801e+00
-1.106800000000000139e+01
-8.908000000000001251e+00
-1.214799999999999969e+01
-4.428000000000000824e+00
-1.085200000000000031e+01
-8.915999999999998593e+00
8.399999999999999689e-01
-1.184399999999999942e+01
-8.040000000000002700e-01
-5.236000000000000654e+00
-3.364000000000002100e+00
8.399999999999999689e-01
-2.556000000000000050e+00
-8.187999999999998835e+00
-1.022799999999999976e+01
-9.467999999999999972e+00
-1.188400000000000212e+01
-1.022800000000000153e+01
-8.587999999999999190e+00
-1.272400000000000198e+01
-1.214799999999999969e+01
8.399999999999999689e-01
-7.883999999999998565e+00
9.799999999999999822e-01
-5.387999999999999901e+00
-8.483999999999998209e+00
-1.195600000000000129e+01
-1.240399999999999991e+01
9.799999999999999822e-01
-1.079599999999999937e+01
-3.396000000000001684e+00
-1.080399999999999849e+01
-1.074000000000000199e+01
-1.062800000000000189e+01
-1.174800000000000111e+01
-1.109999999999999964e+01
-1.648000000000001020e+00
-1.188400000000000212e+01
9.799999999999999822e-01
-8.620000000000002771e+00
-1.098000000000000043e+01
-1.188400000000000212e+01
-6.772000000000001130e+00
-1.390000000000000213e+01
-1.182800000000000118e+01
-1.272400000000000198e+01
-9.332000000000000739e+00
-6.171999999999999709e+00
-1.390000000000000213e+01
-1.214799999999999969e+01
-1.390000000000000213e+01
-7.851999999999998536e+00
-1.214799999999999969e+01
9.799999999999999822e-01
-1.204400000000000048e+01
-1.195600000000000129e+01
-7.452000000000001734e+00
-1.185200000000000031e+01
-1.390000000000000213e+01
-1.226800000000000068e+01
-1.214799999999999969e+01
8.399999999999999689e-01
-9.348000000000002530e+00
9.799999999999999822e-01
-1.040399999999999991e+01
-8.668000000000002814e+00
-7.100000000000001421e+00
-9.196000000000001506e+00
9.799999999999999822e-01
-8.475999999999999091e+00
-1.204400000000000048e+01
-1.024000000000000465e+00
-1.081199999999999939e+01
5.519999999999999352e-01
-7.908000000000000362e+00
-1.214799999999999969e+01
8.399999999999999689e-01
-6.628000000000000114e+00
