-1.157999999999999829e+01
9.599999999999999645e-01
8.399999999999999689e-01
-1.157999999999999829e+01
9.799999999999999822e-01
-1.157999999999999829e+01
9.599999999999999645e-01
8.399999999999999689e-01
-8.363999999999998991e+00
-1.390000000000000213e+01
-1.157999999999999829e+01
9.599999999999999645e-01
8.399999999999999689e-01
-1.157999999999999829e+01
-1.390000000000000213e+01
-1.157999999999999829e+01
9.599999999999999645e-01
-1.157999999999999829e+01
-1.157999999999999829e+01
-1.390000000000000213e+01
-1.157999999999999829e+01
9.599999999999999645e-01
-1.157999999999999829e+01
-1.157999999999999829e+01
-1.390000000000000213e+01
-9.587999999999999190e+00
9.599999999999999645e-01
-9.243999999999999773e+00
-6.340000000000000746e+00
-1.390000000000000213e+01
-2.564000000000001389e+00
9.599999999999999645e-01
-1.215600000000000058e+01
-1.157999999999999829e+01
-1.390000000000000213e+01
-1.232399999999999984e+01
9.599999999999999645e-01
-1.050000000000000000e+01
-1.313200000000000145e+01
-1.390000000000000213e+01
-1.215600000000000058e+01
-2.492000000000000881e+00
-1.157999999999999829e+01
-1.157999999999999829e+01
-1.390000000000000213e+01
-1.098000000000000043e+01
9.599999999999999645e-01
-7.220000000000000639e+00
-1.313200000000000145e+01
-1.390000000000000213e+01
-1.129199999999999804e+01
9.599999999999999645e-01
-1.157999999999999829e+01
4.319999999999998286e-01
-1.390000000000000213e+01
-1.157999999999999829e+01
9.599999999999999645e-01
-1.157999999999999829e+01
-4.891999999999999460e+00
-1.390000000000000213e+01
-1.106799999999999962e+01
9.599999999999999645e-01
-1.157999999999999829e+01
-1.313200000000000145e+01
-1.390000000000000213e+01
-8.732000000000001094e+00
9.599999999999999645e-01
-1.157999999999999829e+01
-6.876000000000000334e+00
-1.193199999999999861e+01
-1.101999999999999957e+01
8.399999999999985256e-02
-1.194800000000000395e+01
-6.676000000000000156e+00
-1.270000000000000284e+01
-8.428000000000000824e+00
-3.708000000000000629e+00
-1.047600000000000087e+01
-1.046799999999999997e+01
-1.390000000000000213e+01
-9.044000000000002260e+00
9.599999999999999645e-01
-6.004000000000000448e+00
-1.157999999999999829e+01
-1.390000000000000213e+01
-1.117200000000000060e+01
-1.156400000000000361e+01
-1.157999999999999829e+01
-1.157999999999999829e+01
-1.002800000000000047e+01
-1.390000000000000213e+01
-9.611999999999998323e+00
-1.034800000000000075e+01
-1.046799999999999997e+01
-8.187999999999998835e+00
-1.390000000000000213e+01
9.599999999999999645e-01
-8.747999999999999332e+00
-1.157999999999999829e+01
-8.987999999999997769e+00
