3.422614766616513649e+00
3.422614766616513649e+00
3.422614766616513649e+00
3.422614766616513649e+00
3.422614766616513649e+00
3.422614766616513649e+00
3.422614766616513649e+00
3.422614766616513649e+00
3.422614766616513649e+00
3.422614766616513649e+00
3.422614766616513649e+00
3.422614766616513649e+00
3.422614766616513649e+00
3.422614766616513649e+00
3.422614766616513649e+00
3.422614766616513649e+00
3.422614766616513649e+00
3.422614766616513649e+00
3.422614766616513649e+00
3.422614766616513649e+00
3.422614766616513649e+00
3.422614766616513649e+00
3.422614766616513649e+00
3.422614766616513649e+00
3.422614766616513649e+00
3.422614766616513649e+00
3.422614766616513649e+00
3.422614766616513649e+00
3.422614766616513649e+00
3.422614766616513649e+00
3.422614766616513649e+00
3.422614766616513649e+00
3.422614766616513649e+00
3.422614766616513649e+00
3.422614766616513649e+00
3.422614766616513649e+00
3.422614766616513649e+00
3.422614766616513649e+00
3.422614766616513649e+00
3.422614766616513649e+00
3.422614766616513649e+00
3.422614766616513649e+00
3.422614766616513649e+00
3.422614766616513649e+00
3.422614766616513649e+00
3.422614766616513649e+00
3.422614766616513649e+00
3.422614766616513649e+00
3.422614766616513649e+00
3.422614766616513649e+00
3.422614766616513649e+00
3.422614766616513649e+00
3.422614766616513649e+00
3.422614766616513649e+00
3.422614766616513649e+00
3.422614766616513649e+00
3.422614766616513649e+00
3.422614766616513649e+00
3.422614766616513649e+00
3.422614766616513649e+00
3.422614766616513649e+00
3.422614766616513649e+00
3.422614766616513649e+00
